Iteration #1 (across, 7)
------------------------
              1                          1    
     2     2  2     1  5     2  1  2  1  1    
  1  1  1  3  2  2  1  1  2  2  3  1  1  1  1 
  1  2  1  2  3  3  1  1  3  3  2  1  1  2  1 
  2  2  1  3  1  2  2  3  2  1  3  1  4  1  1 
|  |  |  |  |  |  |  |  |  |  |  |  |  |  |  | 1 2 1 1 1 2
|  |  |  |  |  |  |  |  |  |  |  |  |  |  |  | 2 1 1 1 1
|  |  |  |  |  |  |  |  |  |  |  |  |  |  |  | 1 1 1 1 3
|  |  |  |  |  |  |  |  |  |  |  |  |  |  |  | 2 1 1 1
|  |  |  |  |  |  |  |  |  |  |  |  |  |  |  | 1 2 1 3
|  |  |  |  |  |  |  |  |  |  |  |  |  |  |  | 1 1 1 1
|  |  |  |  |  |O |O |O |O |O |  |  |  |  |  | 1 8 1
|  |  |  |  |  |  |  |  |  |  |  |  |  |  |  | 1 1 1 1
|  |  |  |  |  |  |  |  |  |  |  |  |  |  |  | 2 4 3
|  |  |  |  |  |  |  |  |  |  |  |  |  |  |  | 3 3
|  |  |  |  |  |  |  |  |  |  |  |  |  |  |  | 2 2 3 2
|  |  |  |  |  |  |  |  |  |  |  |  |  |  |  | 1 2 2 2 1
|  |  |  |  |  |  |  |  |  |  |  |  |  |  |  | 1 1 4 1 1
|  |  |  |  |  |  |  |  |  |  |  |  |  |  |  | 1 1 1 1 1 2
|  |  |  |  |  |  |  |  |  |  |  |  |  |  |  | 1 1

Iteration #2 (down, 4)
----------------------
              1                          1    
     2     2  2     1  5     2  1  2  1  1    
  1  1  1  3  2  2  1  1  2  2  3  1  1  1  1 
  1  2  1  2  3  3  1  1  3  3  2  1  1  2  1 
  2  2  1  3  1  2  2  3  2  1  3  1  4  1  1 
|  |  |  |  |  |  |  |  |  |  |  |  |  |  |  | 1 2 1 1 1 2
|  |  |  |  |  |  |  |  |  |  |  |  |  |  |  | 2 1 1 1 1
|  |  |  |  |  |  |  |  |  |  |  |  |  |  |  | 1 1 1 1 3
|  |  |  |  |  |  |  |  |  |  |  |  |  |  |  | 2 1 1 1
|  |  |  |  |  |  |  |  |  |  |  |  |  |  |  | 1 2 1 3
|  |  |  |O |  |  |  |  |  |  |  |  |  |  |  | 1 1 1 1
|  |  |  |  |  |O |O |O |O |O |  |  |  |  |  | 1 8 1
|  |  |  |  |  |  |  |  |  |  |  |  |  |  |  | 1 1 1 1
|  |  |  |  |  |  |  |  |  |  |  |  |  |  |  | 2 4 3
|  |  |  |  |  |  |  |  |  |  |  |  |  |  |  | 3 3
|  |  |  |  |  |  |  |  |  |  |  |  |  |  |  | 2 2 3 2
|  |  |  |  |  |  |  |  |  |  |  |  |  |  |  | 1 2 2 2 1
|  |  |  |O |  |  |  |  |  |  |  |  |  |  |  | 1 1 4 1 1
|  |  |  |  |  |  |  |  |  |  |  |  |  |  |  | 1 1 1 1 1 2
|  |  |  |  |  |  |  |  |  |  |  |  |  |  |  | 1 1

Iteration #3 (down, 8)
----------------------
              1                          1    
     2     2  2     1  5     2  1  2  1  1    
  1  1  1  3  2  2  1  1  2  2  3  1  1  1  1 
  1  2  1  2  3  3  1  1  3  3  2  1  1  2  1 
  2  2  1  3  1  2  2  3  2  1  3  1  4  1  1 
|  |  |  |  |  |  |  |  |  |  |  |  |  |  |  | 1 2 1 1 1 2
|  |  |  |  |  |  |  |  |  |  |  |  |  |  |  | 2 1 1 1 1
|  |  |  |  |  |  |  |O |  |  |  |  |  |  |  | 1 1 1 1 3
|  |  |  |  |  |  |  |O |  |  |  |  |  |  |  | 2 1 1 1
|  |  |  |  |  |  |  |O |  |  |  |  |  |  |  | 1 2 1 3
|  |  |  |O |  |  |  |  |  |  |  |  |  |  |  | 1 1 1 1
|  |  |  |  |  |O |O |O |O |O |  |  |  |  |  | 1 8 1
|  |  |  |  |  |  |  |X |  |  |  |  |  |  |  | 1 1 1 1
|  |  |  |  |  |  |  |  |  |  |  |  |  |  |  | 2 4 3
|  |  |  |  |  |  |  |  |  |  |  |  |  |  |  | 3 3
|  |  |  |  |  |  |  |  |  |  |  |  |  |  |  | 2 2 3 2
|  |  |  |  |  |  |  |  |  |  |  |  |  |  |  | 1 2 2 2 1
|  |  |  |O |  |  |  |O |  |  |  |  |  |  |  | 1 1 4 1 1
|  |  |  |  |  |  |  |  |  |  |  |  |  |  |  | 1 1 1 1 1 2
|  |  |  |  |  |  |  |  |  |  |  |  |  |  |  | 1 1

Iteration #4 (down, 5)
----------------------
              1                          1    
     2     2  2     1  5     2  1  2  1  1    
  1  1  1  3  2  2  1  1  2  2  3  1  1  1  1 
  1  2  1  2  3  3  1  1  3  3  2  1  1  2  1 
  2  2  1  3  1  2  2  3  2  1  3  1  4  1  1 
|  |  |  |  |  |  |  |  |  |  |  |  |  |  |  | 1 2 1 1 1 2
|  |  |  |  |  |  |  |  |  |  |  |  |  |  |  | 2 1 1 1 1
|  |  |  |  |  |  |  |O |  |  |  |  |  |  |  | 1 1 1 1 3
|  |  |  |  |  |  |  |O |  |  |  |  |  |  |  | 2 1 1 1
|  |  |  |  |  |  |  |O |  |  |  |  |  |  |  | 1 2 1 3
|  |  |  |O |  |  |  |  |  |  |  |  |  |  |  | 1 1 1 1
|  |  |  |  |  |O |O |O |O |O |  |  |  |  |  | 1 8 1
|  |  |  |  |  |  |  |X |  |  |  |  |  |  |  | 1 1 1 1
|  |  |  |  |  |  |  |  |  |  |  |  |  |  |  | 2 4 3
|  |  |  |  |  |  |  |  |  |  |  |  |  |  |  | 3 3
|  |  |  |  |O |  |  |  |  |  |  |  |  |  |  | 2 2 3 2
|  |  |  |  |  |  |  |  |  |  |  |  |  |  |  | 1 2 2 2 1
|  |  |  |O |  |  |  |O |  |  |  |  |  |  |  | 1 1 4 1 1
|  |  |  |  |  |  |  |  |  |  |  |  |  |  |  | 1 1 1 1 1 2
|  |  |  |  |  |  |  |  |  |  |  |  |  |  |  | 1 1

Iteration #5 (across, 13)
-------------------------
              1                          1    
     2     2  2     1  5     2  1  2  1  1    
  1  1  1  3  2  2  1  1  2  2  3  1  1  1  1 
  1  2  1  2  3  3  1  1  3  3  2  1  1  2  1 
  2  2  1  3  1  2  2  3  2  1  3  1  4  1  1 
|  |  |  |  |  |  |  |  |  |  |  |  |  |  |  | 1 2 1 1 1 2
|  |  |  |  |  |  |  |  |  |  |  |  |  |  |  | 2 1 1 1 1
|  |  |  |  |  |  |  |O |  |  |  |  |  |  |  | 1 1 1 1 3
|  |  |  |  |  |  |  |O |  |  |  |  |  |  |  | 2 1 1 1
|  |  |  |  |  |  |  |O |  |  |  |  |  |  |  | 1 2 1 3
|  |  |  |O |  |  |  |  |  |  |  |  |  |  |  | 1 1 1 1
|  |  |  |  |  |O |O |O |O |O |  |  |  |  |  | 1 8 1
|  |  |  |  |  |  |  |X |  |  |  |  |  |  |  | 1 1 1 1
|  |  |  |  |  |  |  |  |  |  |  |  |  |  |  | 2 4 3
|  |  |  |  |  |  |  |  |  |  |  |  |  |  |  | 3 3
|  |  |  |  |O |  |  |  |  |  |  |  |  |  |  | 2 2 3 2
|  |  |  |  |  |  |  |  |  |  |  |  |  |  |  | 1 2 2 2 1
|  |  |X |O |X |  |  |O |O |  |  |  |  |  |  | 1 1 4 1 1
|  |  |  |  |  |  |  |  |  |  |  |  |  |  |  | 1 1 1 1 1 2
|  |  |  |  |  |  |  |  |  |  |  |  |  |  |  | 1 1

Iteration #6 (across, 3)
------------------------
              1                          1    
     2     2  2     1  5     2  1  2  1  1    
  1  1  1  3  2  2  1  1  2  2  3  1  1  1  1 
  1  2  1  2  3  3  1  1  3  3  2  1  1  2  1 
  2  2  1  3  1  2  2  3  2  1  3  1  4  1  1 
|  |  |  |  |  |  |  |  |  |  |  |  |  |  |  | 1 2 1 1 1 2
|  |  |  |  |  |  |  |  |  |  |  |  |  |  |  | 2 1 1 1 1
|  |  |  |  |  |  |X |O |X |  |  |  |  |  |  | 1 1 1 1 3
|  |  |  |  |  |  |  |O |  |  |  |  |  |  |  | 2 1 1 1
|  |  |  |  |  |  |  |O |  |  |  |  |  |  |  | 1 2 1 3
|  |  |  |O |  |  |  |  |  |  |  |  |  |  |  | 1 1 1 1
|  |  |  |  |  |O |O |O |O |O |  |  |  |  |  | 1 8 1
|  |  |  |  |  |  |  |X |  |  |  |  |  |  |  | 1 1 1 1
|  |  |  |  |  |  |  |  |  |  |  |  |  |  |  | 2 4 3
|  |  |  |  |  |  |  |  |  |  |  |  |  |  |  | 3 3
|  |  |  |  |O |  |  |  |  |  |  |  |  |  |  | 2 2 3 2
|  |  |  |  |  |  |  |  |  |  |  |  |  |  |  | 1 2 2 2 1
|  |  |X |O |X |  |  |O |O |  |  |  |  |  |  | 1 1 4 1 1
|  |  |  |  |  |  |  |  |  |  |  |  |  |  |  | 1 1 1 1 1 2
|  |  |  |  |  |  |  |  |  |  |  |  |  |  |  | 1 1

Iteration #7 (down, 9)
----------------------
              1                          1    
     2     2  2     1  5     2  1  2  1  1    
  1  1  1  3  2  2  1  1  2  2  3  1  1  1  1 
  1  2  1  2  3  3  1  1  3  3  2  1  1  2  1 
  2  2  1  3  1  2  2  3  2  1  3  1  4  1  1 
|  |  |  |  |  |  |  |  |  |  |  |  |  |  |  | 1 2 1 1 1 2
|  |  |  |  |  |  |  |  |  |  |  |  |  |  |  | 2 1 1 1 1
|  |  |  |  |  |  |X |O |X |  |  |  |  |  |  | 1 1 1 1 3
|  |  |  |  |  |  |  |O |  |  |  |  |  |  |  | 2 1 1 1
|  |  |  |  |  |  |  |O |  |  |  |  |  |  |  | 1 2 1 3
|  |  |  |O |  |  |  |  |  |  |  |  |  |  |  | 1 1 1 1
|  |  |  |  |  |O |O |O |O |O |  |  |  |  |  | 1 8 1
|  |  |  |  |  |  |  |X |  |  |  |  |  |  |  | 1 1 1 1
|  |  |  |  |  |  |  |  |  |  |  |  |  |  |  | 2 4 3
|  |  |  |  |  |  |  |  |  |  |  |  |  |  |  | 3 3
|  |  |  |  |O |  |  |  |  |  |  |  |  |  |  | 2 2 3 2
|  |  |  |  |  |  |  |  |  |  |  |  |  |  |  | 1 2 2 2 1
|  |  |X |O |X |  |  |O |O |  |  |  |  |  |  | 1 1 4 1 1
|  |  |  |  |  |  |  |  |  |  |  |  |  |  |  | 1 1 1 1 1 2
|  |  |  |  |  |  |  |  |X |  |  |  |  |  |  | 1 1

Iteration #8 (down, 7)
----------------------
              1                          1    
     2     2  2     1  5     2  1  2  1  1    
  1  1  1  3  2  2  1  1  2  2  3  1  1  1  1 
  1  2  1  2  3  3  1  1  3  3  2  1  1  2  1 
  2  2  1  3  1  2  2  3  2  1  3  1  4  1  1 
|  |  |  |  |  |  |  |  |  |  |  |  |  |  |  | 1 2 1 1 1 2
|  |  |  |  |  |  |  |  |  |  |  |  |  |  |  | 2 1 1 1 1
|  |  |  |  |  |  |X |O |X |  |  |  |  |  |  | 1 1 1 1 3
|  |  |  |  |  |  |  |O |  |  |  |  |  |  |  | 2 1 1 1
|  |  |  |  |  |  |  |O |  |  |  |  |  |  |  | 1 2 1 3
|  |  |  |O |  |  |X |  |  |  |  |  |  |  |  | 1 1 1 1
|  |  |  |  |  |O |O |O |O |O |  |  |  |  |  | 1 8 1
|  |  |  |  |  |  |X |X |  |  |  |  |  |  |  | 1 1 1 1
|  |  |  |  |  |  |  |  |  |  |  |  |  |  |  | 2 4 3
|  |  |  |  |  |  |  |  |  |  |  |  |  |  |  | 3 3
|  |  |  |  |O |  |  |  |  |  |  |  |  |  |  | 2 2 3 2
|  |  |  |  |  |  |  |  |  |  |  |  |  |  |  | 1 2 2 2 1
|  |  |X |O |X |  |  |O |O |  |  |  |  |  |  | 1 1 4 1 1
|  |  |  |  |  |  |  |  |  |  |  |  |  |  |  | 1 1 1 1 1 2
|  |  |  |  |  |  |  |  |X |  |  |  |  |  |  | 1 1

Iteration #9 (across, 6)
------------------------
              1                          1    
     2     2  2     1  5     2  1  2  1  1    
  1  1  1  3  2  2  1  1  2  2  3  1  1  1  1 
  1  2  1  2  3  3  1  1  3  3  2  1  1  2  1 
  2  2  1  3  1  2  2  3  2  1  3  1  4  1  1 
|  |  |  |  |  |  |  |  |  |  |  |  |  |  |  | 1 2 1 1 1 2
|  |  |  |  |  |  |  |  |  |  |  |  |  |  |  | 2 1 1 1 1
|  |  |  |  |  |  |X |O |X |  |  |  |  |  |  | 1 1 1 1 3
|  |  |  |  |  |  |  |O |  |  |  |  |  |  |  | 2 1 1 1
|  |  |  |  |  |  |  |O |  |  |  |  |  |  |  | 1 2 1 3
|  |  |X |O |X |  |X |  |  |  |  |  |  |  |  | 1 1 1 1
|  |  |  |  |  |O |O |O |O |O |  |  |  |  |  | 1 8 1
|  |  |  |  |  |  |X |X |  |  |  |  |  |  |  | 1 1 1 1
|  |  |  |  |  |  |  |  |  |  |  |  |  |  |  | 2 4 3
|  |  |  |  |  |  |  |  |  |  |  |  |  |  |  | 3 3
|  |  |  |  |O |  |  |  |  |  |  |  |  |  |  | 2 2 3 2
|  |  |  |  |  |  |  |  |  |  |  |  |  |  |  | 1 2 2 2 1
|  |  |X |O |X |  |  |O |O |  |  |  |  |  |  | 1 1 4 1 1
|  |  |  |  |  |  |  |  |  |  |  |  |  |  |  | 1 1 1 1 1 2
|  |  |  |  |  |  |  |  |X |  |  |  |  |  |  | 1 1

Iteration #10 (down, 5)
-----------------------
              1                          1    
     2     2  2     1  5     2  1  2  1  1    
  1  1  1  3  2  2  1  1  2  2  3  1  1  1  1 
  1  2  1  2  3  3  1  1  3  3  2  1  1  2  1 
  2  2  1  3  1  2  2  3  2  1  3  1  4  1  1 
|  |  |  |  |  |  |  |  |  |  |  |  |  |  |  | 1 2 1 1 1 2
|  |  |  |  |  |  |  |  |  |  |  |  |  |  |  | 2 1 1 1 1
|  |  |  |  |  |  |X |O |X |  |  |  |  |  |  | 1 1 1 1 3
|  |  |  |  |O |  |  |O |  |  |  |  |  |  |  | 2 1 1 1
|  |  |  |  |  |  |  |O |  |  |  |  |  |  |  | 1 2 1 3
|  |  |X |O |X |  |X |  |  |  |  |  |  |  |  | 1 1 1 1
|  |  |  |  |O |O |O |O |O |O |  |  |  |  |  | 1 8 1
|  |  |  |  |O |  |X |X |  |  |  |  |  |  |  | 1 1 1 1
|  |  |  |  |X |  |  |  |  |  |  |  |  |  |  | 2 4 3
|  |  |  |  |O |  |  |  |  |  |  |  |  |  |  | 3 3
|  |  |  |  |O |  |  |  |  |  |  |  |  |  |  | 2 2 3 2
|  |  |  |  |O |  |  |  |  |  |  |  |  |  |  | 1 2 2 2 1
|  |  |X |O |X |  |  |O |O |  |  |  |  |  |  | 1 1 4 1 1
|  |  |  |  |  |  |  |  |  |  |  |  |  |  |  | 1 1 1 1 1 2
|  |  |  |  |  |  |  |  |X |  |  |  |  |  |  | 1 1

Iteration #11 (across, 9)
-------------------------
              1                          1    
     2     2  2     1  5     2  1  2  1  1    
  1  1  1  3  2  2  1  1  2  2  3  1  1  1  1 
  1  2  1  2  3  3  1  1  3  3  2  1  1  2  1 
  2  2  1  3  1  2  2  3  2  1  3  1  4  1  1 
|  |  |  |  |  |  |  |  |  |  |  |  |  |  |  | 1 2 1 1 1 2
|  |  |  |  |  |  |  |  |  |  |  |  |  |  |  | 2 1 1 1 1
|  |  |  |  |  |  |X |O |X |  |  |  |  |  |  | 1 1 1 1 3
|  |  |  |  |O |  |  |O |  |  |  |  |  |  |  | 2 1 1 1
|  |  |  |  |  |  |  |O |  |  |  |  |  |  |  | 1 2 1 3
|  |  |X |O |X |  |X |  |  |  |  |  |  |  |  | 1 1 1 1
|  |  |  |  |O |O |O |O |O |O |  |  |  |  |  | 1 8 1
|  |  |  |  |O |  |X |X |  |  |  |  |  |  |  | 1 1 1 1
|  |  |  |  |X |  |  |O |O |  |  |  |O |  |  | 2 4 3
|  |  |  |  |O |  |  |  |  |  |  |  |  |  |  | 3 3
|  |  |  |  |O |  |  |  |  |  |  |  |  |  |  | 2 2 3 2
|  |  |  |  |O |  |  |  |  |  |  |  |  |  |  | 1 2 2 2 1
|  |  |X |O |X |  |  |O |O |  |  |  |  |  |  | 1 1 4 1 1
|  |  |  |  |  |  |  |  |  |  |  |  |  |  |  | 1 1 1 1 1 2
|  |  |  |  |  |  |  |  |X |  |  |  |  |  |  | 1 1

Iteration #12 (across, 4)
-------------------------
              1                          1    
     2     2  2     1  5     2  1  2  1  1    
  1  1  1  3  2  2  1  1  2  2  3  1  1  1  1 
  1  2  1  2  3  3  1  1  3  3  2  1  1  2  1 
  2  2  1  3  1  2  2  3  2  1  3  1  4  1  1 
|  |  |  |  |  |  |  |  |  |  |  |  |  |  |  | 1 2 1 1 1 2
|  |  |  |  |  |  |  |  |  |  |  |  |  |  |  | 2 1 1 1 1
|  |  |  |  |  |  |X |O |X |  |  |  |  |  |  | 1 1 1 1 3
|  |  |  |  |O |  |X |O |X |  |  |  |  |  |  | 2 1 1 1
|  |  |  |  |  |  |  |O |  |  |  |  |  |  |  | 1 2 1 3
|  |  |X |O |X |  |X |  |  |  |  |  |  |  |  | 1 1 1 1
|  |  |  |  |O |O |O |O |O |O |  |  |  |  |  | 1 8 1
|  |  |  |  |O |  |X |X |  |  |  |  |  |  |  | 1 1 1 1
|  |  |  |  |X |  |  |O |O |  |  |  |O |  |  | 2 4 3
|  |  |  |  |O |  |  |  |  |  |  |  |  |  |  | 3 3
|  |  |  |  |O |  |  |  |  |  |  |  |  |  |  | 2 2 3 2
|  |  |  |  |O |  |  |  |  |  |  |  |  |  |  | 1 2 2 2 1
|  |  |X |O |X |  |  |O |O |  |  |  |  |  |  | 1 1 4 1 1
|  |  |  |  |  |  |  |  |  |  |  |  |  |  |  | 1 1 1 1 1 2
|  |  |  |  |  |  |  |  |X |  |  |  |  |  |  | 1 1

Iteration #13 (across, 8)
-------------------------
              1                          1    
     2     2  2     1  5     2  1  2  1  1    
  1  1  1  3  2  2  1  1  2  2  3  1  1  1  1 
  1  2  1  2  3  3  1  1  3  3  2  1  1  2  1 
  2  2  1  3  1  2  2  3  2  1  3  1  4  1  1 
|  |  |  |  |  |  |  |  |  |  |  |  |  |  |  | 1 2 1 1 1 2
|  |  |  |  |  |  |  |  |  |  |  |  |  |  |  | 2 1 1 1 1
|  |  |  |  |  |  |X |O |X |  |  |  |  |  |  | 1 1 1 1 3
|  |  |  |  |O |  |X |O |X |  |  |  |  |  |  | 2 1 1 1
|  |  |  |  |  |  |  |O |  |  |  |  |  |  |  | 1 2 1 3
|  |  |X |O |X |  |X |  |  |  |  |  |  |  |  | 1 1 1 1
|  |  |  |  |O |O |O |O |O |O |  |  |  |  |  | 1 8 1
|  |  |  |X |O |X |X |X |  |  |  |  |  |  |  | 1 1 1 1
|  |  |  |  |X |  |  |O |O |  |  |  |O |  |  | 2 4 3
|  |  |  |  |O |  |  |  |  |  |  |  |  |  |  | 3 3
|  |  |  |  |O |  |  |  |  |  |  |  |  |  |  | 2 2 3 2
|  |  |  |  |O |  |  |  |  |  |  |  |  |  |  | 1 2 2 2 1
|  |  |X |O |X |  |  |O |O |  |  |  |  |  |  | 1 1 4 1 1
|  |  |  |  |  |  |  |  |  |  |  |  |  |  |  | 1 1 1 1 1 2
|  |  |  |  |  |  |  |  |X |  |  |  |  |  |  | 1 1

Iteration #14 (down, 4)
-----------------------
              1                          1    
     2     2  2     1  5     2  1  2  1  1    
  1  1  1  3  2  2  1  1  2  2  3  1  1  1  1 
  1  2  1  2  3  3  1  1  3  3  2  1  1  2  1 
  2  2  1  3  1  2  2  3  2  1  3  1  4  1  1 
|  |  |  |  |  |  |  |  |  |  |  |  |  |  |  | 1 2 1 1 1 2
|  |  |  |O |  |  |  |  |  |  |  |  |  |  |  | 2 1 1 1 1
|  |  |  |  |  |  |X |O |X |  |  |  |  |  |  | 1 1 1 1 3
|  |  |  |  |O |  |X |O |X |  |  |  |  |  |  | 2 1 1 1
|  |  |  |O |  |  |  |O |  |  |  |  |  |  |  | 1 2 1 3
|  |  |X |O |X |  |X |  |  |  |  |  |  |  |  | 1 1 1 1
|  |  |  |  |O |O |O |O |O |O |  |  |  |  |  | 1 8 1
|  |  |  |X |O |X |X |X |  |  |  |  |  |  |  | 1 1 1 1
|  |  |  |  |X |  |  |O |O |  |  |  |O |  |  | 2 4 3
|  |  |  |O |O |  |  |  |  |  |  |  |  |  |  | 3 3
|  |  |  |  |O |  |  |  |  |  |  |  |  |  |  | 2 2 3 2
|  |  |  |  |O |  |  |  |  |  |  |  |  |  |  | 1 2 2 2 1
|  |  |X |O |X |  |  |O |O |  |  |  |  |  |  | 1 1 4 1 1
|  |  |  |O |  |  |  |  |  |  |  |  |  |  |  | 1 1 1 1 1 2
|  |  |  |  |  |  |  |  |X |  |  |  |  |  |  | 1 1

Iteration #15 (down, 6)
-----------------------
              1                          1    
     2     2  2     1  5     2  1  2  1  1    
  1  1  1  3  2  2  1  1  2  2  3  1  1  1  1 
  1  2  1  2  3  3  1  1  3  3  2  1  1  2  1 
  2  2  1  3  1  2  2  3  2  1  3  1  4  1  1 
|  |  |  |  |  |  |  |  |  |  |  |  |  |  |  | 1 2 1 1 1 2
|  |  |  |O |  |  |  |  |  |  |  |  |  |  |  | 2 1 1 1 1
|  |  |  |  |  |  |X |O |X |  |  |  |  |  |  | 1 1 1 1 3
|  |  |  |  |O |X |X |O |X |  |  |  |  |  |  | 2 1 1 1
|  |  |  |O |  |  |  |O |  |  |  |  |  |  |  | 1 2 1 3
|  |  |X |O |X |  |X |  |  |  |  |  |  |  |  | 1 1 1 1
|  |  |  |  |O |O |O |O |O |O |  |  |  |  |  | 1 8 1
|  |  |  |X |O |X |X |X |  |  |  |  |  |  |  | 1 1 1 1
|  |  |  |  |X |  |  |O |O |  |  |  |O |  |  | 2 4 3
|  |  |  |O |O |  |  |  |  |  |  |  |  |  |  | 3 3
|  |  |  |  |O |  |  |  |  |  |  |  |  |  |  | 2 2 3 2
|  |  |  |  |O |  |  |  |  |  |  |  |  |  |  | 1 2 2 2 1
|  |  |X |O |X |  |  |O |O |  |  |  |  |  |  | 1 1 4 1 1
|  |  |  |O |  |  |  |  |  |  |  |  |  |  |  | 1 1 1 1 1 2
|  |  |  |  |  |  |  |  |X |  |  |  |  |  |  | 1 1

Iteration #16 (down, 9)
-----------------------
              1                          1    
     2     2  2     1  5     2  1  2  1  1    
  1  1  1  3  2  2  1  1  2  2  3  1  1  1  1 
  1  2  1  2  3  3  1  1  3  3  2  1  1  2  1 
  2  2  1  3  1  2  2  3  2  1  3  1  4  1  1 
|  |  |  |  |  |  |  |  |  |  |  |  |  |  |  | 1 2 1 1 1 2
|  |  |  |O |  |  |  |  |  |  |  |  |  |  |  | 2 1 1 1 1
|  |  |  |  |  |  |X |O |X |  |  |  |  |  |  | 1 1 1 1 3
|  |  |  |  |O |X |X |O |X |  |  |  |  |  |  | 2 1 1 1
|  |  |  |O |  |  |  |O |X |  |  |  |  |  |  | 1 2 1 3
|  |  |X |O |X |  |X |  |  |  |  |  |  |  |  | 1 1 1 1
|  |  |  |  |O |O |O |O |O |O |  |  |  |  |  | 1 8 1
|  |  |  |X |O |X |X |X |  |  |  |  |  |  |  | 1 1 1 1
|  |  |  |  |X |  |  |O |O |  |  |  |O |  |  | 2 4 3
|  |  |  |O |O |  |  |  |  |  |  |  |  |  |  | 3 3
|  |  |  |  |O |  |  |  |  |  |  |  |  |  |  | 2 2 3 2
|  |  |  |  |O |  |  |  |  |  |  |  |  |  |  | 1 2 2 2 1
|  |  |X |O |X |  |  |O |O |  |  |  |  |  |  | 1 1 4 1 1
|  |  |  |O |  |  |  |  |  |  |  |  |  |  |  | 1 1 1 1 1 2
|  |  |  |  |  |  |  |  |X |  |  |  |  |  |  | 1 1

Iteration #17 (down, 8)
-----------------------
              1                          1    
     2     2  2     1  5     2  1  2  1  1    
  1  1  1  3  2  2  1  1  2  2  3  1  1  1  1 
  1  2  1  2  3  3  1  1  3  3  2  1  1  2  1 
  2  2  1  3  1  2  2  3  2  1  3  1  4  1  1 
|  |  |  |  |  |  |  |  |  |  |  |  |  |  |  | 1 2 1 1 1 2
|  |  |  |O |  |  |  |  |  |  |  |  |  |  |  | 2 1 1 1 1
|  |  |  |  |  |  |X |O |X |  |  |  |  |  |  | 1 1 1 1 3
|  |  |  |  |O |X |X |O |X |  |  |  |  |  |  | 2 1 1 1
|  |  |  |O |  |  |  |O |X |  |  |  |  |  |  | 1 2 1 3
|  |  |X |O |X |  |X |  |  |  |  |  |  |  |  | 1 1 1 1
|  |  |  |  |O |O |O |O |O |O |  |  |  |  |  | 1 8 1
|  |  |  |X |O |X |X |X |  |  |  |  |  |  |  | 1 1 1 1
|  |  |  |  |X |  |  |O |O |  |  |  |O |  |  | 2 4 3
|  |  |  |O |O |  |  |X |  |  |  |  |  |  |  | 3 3
|  |  |  |  |O |  |  |  |  |  |  |  |  |  |  | 2 2 3 2
|  |  |  |  |O |  |  |  |  |  |  |  |  |  |  | 1 2 2 2 1
|  |  |X |O |X |  |  |O |O |  |  |  |  |  |  | 1 1 4 1 1
|  |  |  |O |  |  |  |  |  |  |  |  |  |  |  | 1 1 1 1 1 2
|  |  |  |  |  |  |  |  |X |  |  |  |  |  |  | 1 1

Iteration #18 (across, 5)
-------------------------
              1                          1    
     2     2  2     1  5     2  1  2  1  1    
  1  1  1  3  2  2  1  1  2  2  3  1  1  1  1 
  1  2  1  2  3  3  1  1  3  3  2  1  1  2  1 
  2  2  1  3  1  2  2  3  2  1  3  1  4  1  1 
|  |  |  |  |  |  |  |  |  |  |  |  |  |  |  | 1 2 1 1 1 2
|  |  |  |O |  |  |  |  |  |  |  |  |  |  |  | 2 1 1 1 1
|  |  |  |  |  |  |X |O |X |  |  |  |  |  |  | 1 1 1 1 3
|  |  |  |  |O |X |X |O |X |  |  |  |  |  |  | 2 1 1 1
|  |  |  |O |  |X |  |O |X |  |  |  |  |  |  | 1 2 1 3
|  |  |X |O |X |  |X |  |  |  |  |  |  |  |  | 1 1 1 1
|  |  |  |  |O |O |O |O |O |O |  |  |  |  |  | 1 8 1
|  |  |  |X |O |X |X |X |  |  |  |  |  |  |  | 1 1 1 1
|  |  |  |  |X |  |  |O |O |  |  |  |O |  |  | 2 4 3
|  |  |  |O |O |  |  |X |  |  |  |  |  |  |  | 3 3
|  |  |  |  |O |  |  |  |  |  |  |  |  |  |  | 2 2 3 2
|  |  |  |  |O |  |  |  |  |  |  |  |  |  |  | 1 2 2 2 1
|  |  |X |O |X |  |  |O |O |  |  |  |  |  |  | 1 1 4 1 1
|  |  |  |O |  |  |  |  |  |  |  |  |  |  |  | 1 1 1 1 1 2
|  |  |  |  |  |  |  |  |X |  |  |  |  |  |  | 1 1

Iteration #19 (across, 14)
--------------------------
              1                          1    
     2     2  2     1  5     2  1  2  1  1    
  1  1  1  3  2  2  1  1  2  2  3  1  1  1  1 
  1  2  1  2  3  3  1  1  3  3  2  1  1  2  1 
  2  2  1  3  1  2  2  3  2  1  3  1  4  1  1 
|  |  |  |  |  |  |  |  |  |  |  |  |  |  |  | 1 2 1 1 1 2
|  |  |  |O |  |  |  |  |  |  |  |  |  |  |  | 2 1 1 1 1
|  |  |  |  |  |  |X |O |X |  |  |  |  |  |  | 1 1 1 1 3
|  |  |  |  |O |X |X |O |X |  |  |  |  |  |  | 2 1 1 1
|  |  |  |O |  |X |  |O |X |  |  |  |  |  |  | 1 2 1 3
|  |  |X |O |X |  |X |  |  |  |  |  |  |  |  | 1 1 1 1
|  |  |  |  |O |O |O |O |O |O |  |  |  |  |  | 1 8 1
|  |  |  |X |O |X |X |X |  |  |  |  |  |  |  | 1 1 1 1
|  |  |  |  |X |  |  |O |O |  |  |  |O |  |  | 2 4 3
|  |  |  |O |O |  |  |X |  |  |  |  |  |  |  | 3 3
|  |  |  |  |O |  |  |  |  |  |  |  |  |  |  | 2 2 3 2
|  |  |  |  |O |  |  |  |  |  |  |  |  |  |  | 1 2 2 2 1
|  |  |X |O |X |  |  |O |O |  |  |  |  |  |  | 1 1 4 1 1
|  |  |X |O |X |  |  |  |  |  |  |  |  |  |  | 1 1 1 1 1 2
|  |  |  |  |  |  |  |  |X |  |  |  |  |  |  | 1 1

Iteration #20 (across, 10)
--------------------------
              1                          1    
     2     2  2     1  5     2  1  2  1  1    
  1  1  1  3  2  2  1  1  2  2  3  1  1  1  1 
  1  2  1  2  3  3  1  1  3  3  2  1  1  2  1 
  2  2  1  3  1  2  2  3  2  1  3  1  4  1  1 
|  |  |  |  |  |  |  |  |  |  |  |  |  |  |  | 1 2 1 1 1 2
|  |  |  |O |  |  |  |  |  |  |  |  |  |  |  | 2 1 1 1 1
|  |  |  |  |  |  |X |O |X |  |  |  |  |  |  | 1 1 1 1 3
|  |  |  |  |O |X |X |O |X |  |  |  |  |  |  | 2 1 1 1
|  |  |  |O |  |X |  |O |X |  |  |  |  |  |  | 1 2 1 3
|  |  |X |O |X |  |X |  |  |  |  |  |  |  |  | 1 1 1 1
|  |  |  |  |O |O |O |O |O |O |  |  |  |  |  | 1 8 1
|  |  |  |X |O |X |X |X |  |  |  |  |  |  |  | 1 1 1 1
|  |  |  |  |X |  |  |O |O |  |  |  |O |  |  | 2 4 3
|X |X |  |O |O |  |X |X |  |  |  |  |  |  |  | 3 3
|  |  |  |  |O |  |  |  |  |  |  |  |  |  |  | 2 2 3 2
|  |  |  |  |O |  |  |  |  |  |  |  |  |  |  | 1 2 2 2 1
|  |  |X |O |X |  |  |O |O |  |  |  |  |  |  | 1 1 4 1 1
|  |  |X |O |X |  |  |  |  |  |  |  |  |  |  | 1 1 1 1 1 2
|  |  |  |  |  |  |  |  |X |  |  |  |  |  |  | 1 1

Iteration #21 (down, 6)
-----------------------
              1                          1    
     2     2  2     1  5     2  1  2  1  1    
  1  1  1  3  2  2  1  1  2  2  3  1  1  1  1 
  1  2  1  2  3  3  1  1  3  3  2  1  1  2  1 
  2  2  1  3  1  2  2  3  2  1  3  1  4  1  1 
|  |  |  |  |  |X |  |  |  |  |  |  |  |  |  | 1 2 1 1 1 2
|  |  |  |O |  |X |  |  |  |  |  |  |  |  |  | 2 1 1 1 1
|  |  |  |  |  |X |X |O |X |  |  |  |  |  |  | 1 1 1 1 3
|  |  |  |  |O |X |X |O |X |  |  |  |  |  |  | 2 1 1 1
|  |  |  |O |  |X |  |O |X |  |  |  |  |  |  | 1 2 1 3
|  |  |X |O |X |O |X |  |  |  |  |  |  |  |  | 1 1 1 1
|  |  |  |  |O |O |O |O |O |O |  |  |  |  |  | 1 8 1
|  |  |  |X |O |X |X |X |  |  |  |  |  |  |  | 1 1 1 1
|  |  |  |  |X |  |  |O |O |  |  |  |O |  |  | 2 4 3
|X |X |  |O |O |O |X |X |  |  |  |  |  |  |  | 3 3
|  |  |  |  |O |O |  |  |  |  |  |  |  |  |  | 2 2 3 2
|  |  |  |  |O |  |  |  |  |  |  |  |  |  |  | 1 2 2 2 1
|  |  |X |O |X |  |  |O |O |  |  |  |  |  |  | 1 1 4 1 1
|  |  |X |O |X |O |  |  |  |  |  |  |  |  |  | 1 1 1 1 1 2
|  |  |  |  |  |  |  |  |X |  |  |  |  |  |  | 1 1

Iteration #22 (down, 5)
-----------------------
              1                          1    
     2     2  2     1  5     2  1  2  1  1    
  1  1  1  3  2  2  1  1  2  2  3  1  1  1  1 
  1  2  1  2  3  3  1  1  3  3  2  1  1  2  1 
  2  2  1  3  1  2  2  3  2  1  3  1  4  1  1 
|  |  |  |  |  |X |  |  |  |  |  |  |  |  |  | 1 2 1 1 1 2
|  |  |  |O |  |X |  |  |  |  |  |  |  |  |  | 2 1 1 1 1
|  |  |  |  |  |X |X |O |X |  |  |  |  |  |  | 1 1 1 1 3
|  |  |  |  |O |X |X |O |X |  |  |  |  |  |  | 2 1 1 1
|  |  |  |O |  |X |  |O |X |  |  |  |  |  |  | 1 2 1 3
|  |  |X |O |X |O |X |  |  |  |  |  |  |  |  | 1 1 1 1
|  |  |  |  |O |O |O |O |O |O |  |  |  |  |  | 1 8 1
|  |  |  |X |O |X |X |X |  |  |  |  |  |  |  | 1 1 1 1
|  |  |  |  |X |  |  |O |O |  |  |  |O |  |  | 2 4 3
|X |X |  |O |O |O |X |X |  |  |  |  |  |  |  | 3 3
|  |  |  |  |O |O |  |  |  |  |  |  |  |  |  | 2 2 3 2
|  |  |  |  |O |  |  |  |  |  |  |  |  |  |  | 1 2 2 2 1
|  |  |X |O |X |  |  |O |O |  |  |  |  |  |  | 1 1 4 1 1
|  |  |X |O |X |O |  |  |  |  |  |  |  |  |  | 1 1 1 1 1 2
|  |  |  |  |O |  |  |  |X |  |  |  |  |  |  | 1 1

Iteration #23 (across, 1)
-------------------------
              1                          1    
     2     2  2     1  5     2  1  2  1  1    
  1  1  1  3  2  2  1  1  2  2  3  1  1  1  1 
  1  2  1  2  3  3  1  1  3  3  2  1  1  2  1 
  2  2  1  3  1  2  2  3  2  1  3  1  4  1  1 
|  |  |  |O |  |X |  |  |  |  |  |  |  |O |  | 1 2 1 1 1 2
|  |  |  |O |  |X |  |  |  |  |  |  |  |  |  | 2 1 1 1 1
|  |  |  |  |  |X |X |O |X |  |  |  |  |  |  | 1 1 1 1 3
|  |  |  |  |O |X |X |O |X |  |  |  |  |  |  | 2 1 1 1
|  |  |  |O |  |X |  |O |X |  |  |  |  |  |  | 1 2 1 3
|  |  |X |O |X |O |X |  |  |  |  |  |  |  |  | 1 1 1 1
|  |  |  |  |O |O |O |O |O |O |  |  |  |  |  | 1 8 1
|  |  |  |X |O |X |X |X |  |  |  |  |  |  |  | 1 1 1 1
|  |  |  |  |X |  |  |O |O |  |  |  |O |  |  | 2 4 3
|X |X |  |O |O |O |X |X |  |  |  |  |  |  |  | 3 3
|  |  |  |  |O |O |  |  |  |  |  |  |  |  |  | 2 2 3 2
|  |  |  |  |O |  |  |  |  |  |  |  |  |  |  | 1 2 2 2 1
|  |  |X |O |X |  |  |O |O |  |  |  |  |  |  | 1 1 4 1 1
|  |  |X |O |X |O |  |  |  |  |  |  |  |  |  | 1 1 1 1 1 2
|  |  |  |  |O |  |  |  |X |  |  |  |  |  |  | 1 1

Iteration #24 (across, 11)
--------------------------
              1                          1    
     2     2  2     1  5     2  1  2  1  1    
  1  1  1  3  2  2  1  1  2  2  3  1  1  1  1 
  1  2  1  2  3  3  1  1  3  3  2  1  1  2  1 
  2  2  1  3  1  2  2  3  2  1  3  1  4  1  1 
|  |  |  |O |  |X |  |  |  |  |  |  |  |O |  | 1 2 1 1 1 2
|  |  |  |O |  |X |  |  |  |  |  |  |  |  |  | 2 1 1 1 1
|  |  |  |  |  |X |X |O |X |  |  |  |  |  |  | 1 1 1 1 3
|  |  |  |  |O |X |X |O |X |  |  |  |  |  |  | 2 1 1 1
|  |  |  |O |  |X |  |O |X |  |  |  |  |  |  | 1 2 1 3
|  |  |X |O |X |O |X |  |  |  |  |  |  |  |  | 1 1 1 1
|  |  |  |  |O |O |O |O |O |O |  |  |  |  |  | 1 8 1
|  |  |  |X |O |X |X |X |  |  |  |  |  |  |  | 1 1 1 1
|  |  |  |  |X |  |  |O |O |  |  |  |O |  |  | 2 4 3
|X |X |  |O |O |O |X |X |  |  |  |  |  |  |  | 3 3
|  |O |  |X |O |O |X |  |  |O |  |  |  |  |  | 2 2 3 2
|  |  |  |  |O |  |  |  |  |  |  |  |  |  |  | 1 2 2 2 1
|  |  |X |O |X |  |  |O |O |  |  |  |  |  |  | 1 1 4 1 1
|  |  |X |O |X |O |  |  |  |  |  |  |  |  |  | 1 1 1 1 1 2
|  |  |  |  |O |  |  |  |X |  |  |  |  |  |  | 1 1

Iteration #25 (across, 14)
--------------------------
              1                          1    
     2     2  2     1  5     2  1  2  1  1    
  1  1  1  3  2  2  1  1  2  2  3  1  1  1  1 
  1  2  1  2  3  3  1  1  3  3  2  1  1  2  1 
  2  2  1  3  1  2  2  3  2  1  3  1  4  1  1 
|  |  |  |O |  |X |  |  |  |  |  |  |  |O |  | 1 2 1 1 1 2
|  |  |  |O |  |X |  |  |  |  |  |  |  |  |  | 2 1 1 1 1
|  |  |  |  |  |X |X |O |X |  |  |  |  |  |  | 1 1 1 1 3
|  |  |  |  |O |X |X |O |X |  |  |  |  |  |  | 2 1 1 1
|  |  |  |O |  |X |  |O |X |  |  |  |  |  |  | 1 2 1 3
|  |  |X |O |X |O |X |  |  |  |  |  |  |  |  | 1 1 1 1
|  |  |  |  |O |O |O |O |O |O |  |  |  |  |  | 1 8 1
|  |  |  |X |O |X |X |X |  |  |  |  |  |  |  | 1 1 1 1
|  |  |  |  |X |  |  |O |O |  |  |  |O |  |  | 2 4 3
|X |X |  |O |O |O |X |X |  |  |  |  |  |  |  | 3 3
|  |O |  |X |O |O |X |  |  |O |  |  |  |  |  | 2 2 3 2
|  |  |  |  |O |  |  |  |  |  |  |  |  |  |  | 1 2 2 2 1
|  |  |X |O |X |  |  |O |O |  |  |  |  |  |  | 1 1 4 1 1
|  |  |X |O |X |O |X |  |  |  |  |  |  |  |  | 1 1 1 1 1 2
|  |  |  |  |O |  |  |  |X |  |  |  |  |  |  | 1 1

Iteration #26 (across, 10)
--------------------------
              1                          1    
     2     2  2     1  5     2  1  2  1  1    
  1  1  1  3  2  2  1  1  2  2  3  1  1  1  1 
  1  2  1  2  3  3  1  1  3  3  2  1  1  2  1 
  2  2  1  3  1  2  2  3  2  1  3  1  4  1  1 
|  |  |  |O |  |X |  |  |  |  |  |  |  |O |  | 1 2 1 1 1 2
|  |  |  |O |  |X |  |  |  |  |  |  |  |  |  | 2 1 1 1 1
|  |  |  |  |  |X |X |O |X |  |  |  |  |  |  | 1 1 1 1 3
|  |  |  |  |O |X |X |O |X |  |  |  |  |  |  | 2 1 1 1
|  |  |  |O |  |X |  |O |X |  |  |  |  |  |  | 1 2 1 3
|  |  |X |O |X |O |X |  |  |  |  |  |  |  |  | 1 1 1 1
|  |  |  |  |O |O |O |O |O |O |  |  |  |  |  | 1 8 1
|  |  |  |X |O |X |X |X |  |  |  |  |  |  |  | 1 1 1 1
|  |  |  |  |X |  |  |O |O |  |  |  |O |  |  | 2 4 3
|X |X |X |O |O |O |X |X |  |  |  |  |  |  |  | 3 3
|  |O |  |X |O |O |X |  |  |O |  |  |  |  |  | 2 2 3 2
|  |  |  |  |O |  |  |  |  |  |  |  |  |  |  | 1 2 2 2 1
|  |  |X |O |X |  |  |O |O |  |  |  |  |  |  | 1 1 4 1 1
|  |  |X |O |X |O |X |  |  |  |  |  |  |  |  | 1 1 1 1 1 2
|  |  |  |  |O |  |  |  |X |  |  |  |  |  |  | 1 1

Iteration #27 (across, 15)
--------------------------
              1                          1    
     2     2  2     1  5     2  1  2  1  1    
  1  1  1  3  2  2  1  1  2  2  3  1  1  1  1 
  1  2  1  2  3  3  1  1  3  3  2  1  1  2  1 
  2  2  1  3  1  2  2  3  2  1  3  1  4  1  1 
|  |  |  |O |  |X |  |  |  |  |  |  |  |O |  | 1 2 1 1 1 2
|  |  |  |O |  |X |  |  |  |  |  |  |  |  |  | 2 1 1 1 1
|  |  |  |  |  |X |X |O |X |  |  |  |  |  |  | 1 1 1 1 3
|  |  |  |  |O |X |X |O |X |  |  |  |  |  |  | 2 1 1 1
|  |  |  |O |  |X |  |O |X |  |  |  |  |  |  | 1 2 1 3
|  |  |X |O |X |O |X |  |  |  |  |  |  |  |  | 1 1 1 1
|  |  |  |  |O |O |O |O |O |O |  |  |  |  |  | 1 8 1
|  |  |  |X |O |X |X |X |  |  |  |  |  |  |  | 1 1 1 1
|  |  |  |  |X |  |  |O |O |  |  |  |O |  |  | 2 4 3
|X |X |X |O |O |O |X |X |  |  |  |  |  |  |  | 3 3
|  |O |  |X |O |O |X |  |  |O |  |  |  |  |  | 2 2 3 2
|  |  |  |  |O |  |  |  |  |  |  |  |  |  |  | 1 2 2 2 1
|  |  |X |O |X |  |  |O |O |  |  |  |  |  |  | 1 1 4 1 1
|  |  |X |O |X |O |X |  |  |  |  |  |  |  |  | 1 1 1 1 1 2
|  |  |  |X |O |X |  |  |X |  |  |  |  |  |  | 1 1

Iteration #28 (down, 2)
-----------------------
              1                          1    
     2     2  2     1  5     2  1  2  1  1    
  1  1  1  3  2  2  1  1  2  2  3  1  1  1  1 
  1  2  1  2  3  3  1  1  3  3  2  1  1  2  1 
  2  2  1  3  1  2  2  3  2  1  3  1  4  1  1 
|  |  |  |O |  |X |  |  |  |  |  |  |  |O |  | 1 2 1 1 1 2
|  |  |  |O |  |X |  |  |  |  |  |  |  |  |  | 2 1 1 1 1
|  |  |  |  |  |X |X |O |X |  |  |  |  |  |  | 1 1 1 1 3
|  |  |  |  |O |X |X |O |X |  |  |  |  |  |  | 2 1 1 1
|  |  |  |O |  |X |  |O |X |  |  |  |  |  |  | 1 2 1 3
|  |  |X |O |X |O |X |  |  |  |  |  |  |  |  | 1 1 1 1
|  |  |  |  |O |O |O |O |O |O |  |  |  |  |  | 1 8 1
|  |  |  |X |O |X |X |X |  |  |  |  |  |  |  | 1 1 1 1
|  |  |  |  |X |  |  |O |O |  |  |  |O |  |  | 2 4 3
|X |X |X |O |O |O |X |X |  |  |  |  |  |  |  | 3 3
|  |O |  |X |O |O |X |  |  |O |  |  |  |  |  | 2 2 3 2
|  |  |  |  |O |  |  |  |  |  |  |  |  |  |  | 1 2 2 2 1
|  |X |X |O |X |  |  |O |O |  |  |  |  |  |  | 1 1 4 1 1
|  |  |X |O |X |O |X |  |  |  |  |  |  |  |  | 1 1 1 1 1 2
|  |  |  |X |O |X |  |  |X |  |  |  |  |  |  | 1 1

Iteration #29 (down, 4)
-----------------------
              1                          1    
     2     2  2     1  5     2  1  2  1  1    
  1  1  1  3  2  2  1  1  2  2  3  1  1  1  1 
  1  2  1  2  3  3  1  1  3  3  2  1  1  2  1 
  2  2  1  3  1  2  2  3  2  1  3  1  4  1  1 
|  |  |  |O |  |X |  |  |  |  |  |  |  |O |  | 1 2 1 1 1 2
|  |  |  |O |  |X |  |  |  |  |  |  |  |  |  | 2 1 1 1 1
|  |  |  |X |  |X |X |O |X |  |  |  |  |  |  | 1 1 1 1 3
|  |  |  |  |O |X |X |O |X |  |  |  |  |  |  | 2 1 1 1
|  |  |  |O |  |X |  |O |X |  |  |  |  |  |  | 1 2 1 3
|  |  |X |O |X |O |X |  |  |  |  |  |  |  |  | 1 1 1 1
|  |  |  |  |O |O |O |O |O |O |  |  |  |  |  | 1 8 1
|  |  |  |X |O |X |X |X |  |  |  |  |  |  |  | 1 1 1 1
|  |  |  |O |X |  |  |O |O |  |  |  |O |  |  | 2 4 3
|X |X |X |O |O |O |X |X |  |  |  |  |  |  |  | 3 3
|  |O |  |X |O |O |X |  |  |O |  |  |  |  |  | 2 2 3 2
|  |  |  |O |O |  |  |  |  |  |  |  |  |  |  | 1 2 2 2 1
|  |X |X |O |X |  |  |O |O |  |  |  |  |  |  | 1 1 4 1 1
|  |  |X |O |X |O |X |  |  |  |  |  |  |  |  | 1 1 1 1 1 2
|  |  |  |X |O |X |  |  |X |  |  |  |  |  |  | 1 1

Iteration #30 (down, 7)
-----------------------
              1                          1    
     2     2  2     1  5     2  1  2  1  1    
  1  1  1  3  2  2  1  1  2  2  3  1  1  1  1 
  1  2  1  2  3  3  1  1  3  3  2  1  1  2  1 
  2  2  1  3  1  2  2  3  2  1  3  1  4  1  1 
|  |  |  |O |  |X |  |  |  |  |  |  |  |O |  | 1 2 1 1 1 2
|  |  |  |O |  |X |  |  |  |  |  |  |  |  |  | 2 1 1 1 1
|  |  |  |X |  |X |X |O |X |  |  |  |  |  |  | 1 1 1 1 3
|  |  |  |  |O |X |X |O |X |  |  |  |  |  |  | 2 1 1 1
|  |  |  |O |  |X |  |O |X |  |  |  |  |  |  | 1 2 1 3
|  |  |X |O |X |O |X |  |  |  |  |  |  |  |  | 1 1 1 1
|  |  |  |  |O |O |O |O |O |O |  |  |  |  |  | 1 8 1
|  |  |  |X |O |X |X |X |  |  |  |  |  |  |  | 1 1 1 1
|  |  |  |O |X |  |  |O |O |  |  |  |O |  |  | 2 4 3
|X |X |X |O |O |O |X |X |  |  |  |  |  |  |  | 3 3
|  |O |  |X |O |O |X |  |  |O |  |  |  |  |  | 2 2 3 2
|  |  |  |O |O |  |O |  |  |  |  |  |  |  |  | 1 2 2 2 1
|  |X |X |O |X |  |O |O |O |  |  |  |  |  |  | 1 1 4 1 1
|  |  |X |O |X |O |X |  |  |  |  |  |  |  |  | 1 1 1 1 1 2
|  |  |  |X |O |X |X |  |X |  |  |  |  |  |  | 1 1

Iteration #31 (down, 14)
------------------------
              1                          1    
     2     2  2     1  5     2  1  2  1  1    
  1  1  1  3  2  2  1  1  2  2  3  1  1  1  1 
  1  2  1  2  3  3  1  1  3  3  2  1  1  2  1 
  2  2  1  3  1  2  2  3  2  1  3  1  4  1  1 
|  |  |  |O |  |X |  |  |  |  |  |  |  |O |  | 1 2 1 1 1 2
|  |  |  |O |  |X |  |  |  |  |  |  |  |X |  | 2 1 1 1 1
|  |  |  |X |  |X |X |O |X |  |  |  |  |  |  | 1 1 1 1 3
|  |  |  |  |O |X |X |O |X |  |  |  |  |  |  | 2 1 1 1
|  |  |  |O |  |X |  |O |X |  |  |  |  |  |  | 1 2 1 3
|  |  |X |O |X |O |X |  |  |  |  |  |  |  |  | 1 1 1 1
|  |  |  |  |O |O |O |O |O |O |  |  |  |  |  | 1 8 1
|  |  |  |X |O |X |X |X |  |  |  |  |  |  |  | 1 1 1 1
|  |  |  |O |X |  |  |O |O |  |  |  |O |  |  | 2 4 3
|X |X |X |O |O |O |X |X |  |  |  |  |  |  |  | 3 3
|  |O |  |X |O |O |X |  |  |O |  |  |  |  |  | 2 2 3 2
|  |  |  |O |O |  |O |  |  |  |  |  |  |  |  | 1 2 2 2 1
|  |X |X |O |X |  |O |O |O |  |  |  |  |  |  | 1 1 4 1 1
|  |  |X |O |X |O |X |  |  |  |  |  |  |  |  | 1 1 1 1 1 2
|  |  |  |X |O |X |X |  |X |  |  |  |  |  |  | 1 1

Iteration #32 (down, 6)
-----------------------
              1                          1    
     2     2  2     1  5     2  1  2  1  1    
  1  1  1  3  2  2  1  1  2  2  3  1  1  1  1 
  1  2  1  2  3  3  1  1  3  3  2  1  1  2  1 
  2  2  1  3  1  2  2  3  2  1  3  1  4  1  1 
|  |  |  |O |  |X |  |  |  |  |  |  |  |O |  | 1 2 1 1 1 2
|  |  |  |O |  |X |  |  |  |  |  |  |  |X |  | 2 1 1 1 1
|  |  |  |X |  |X |X |O |X |  |  |  |  |  |  | 1 1 1 1 3
|  |  |  |  |O |X |X |O |X |  |  |  |  |  |  | 2 1 1 1
|  |  |  |O |  |X |  |O |X |  |  |  |  |  |  | 1 2 1 3
|  |  |X |O |X |O |X |  |  |  |  |  |  |  |  | 1 1 1 1
|  |  |  |  |O |O |O |O |O |O |  |  |  |  |  | 1 8 1
|  |  |  |X |O |X |X |X |  |  |  |  |  |  |  | 1 1 1 1
|  |  |  |O |X |O |  |O |O |  |  |  |O |  |  | 2 4 3
|X |X |X |O |O |O |X |X |  |  |  |  |  |  |  | 3 3
|  |O |  |X |O |O |X |  |  |O |  |  |  |  |  | 2 2 3 2
|  |  |  |O |O |X |O |  |  |  |  |  |  |  |  | 1 2 2 2 1
|  |X |X |O |X |O |O |O |O |  |  |  |  |  |  | 1 1 4 1 1
|  |  |X |O |X |O |X |  |  |  |  |  |  |  |  | 1 1 1 1 1 2
|  |  |  |X |O |X |X |  |X |  |  |  |  |  |  | 1 1

Iteration #33 (across, 12)
--------------------------
              1                          1    
     2     2  2     1  5     2  1  2  1  1    
  1  1  1  3  2  2  1  1  2  2  3  1  1  1  1 
  1  2  1  2  3  3  1  1  3  3  2  1  1  2  1 
  2  2  1  3  1  2  2  3  2  1  3  1  4  1  1 
|  |  |  |O |  |X |  |  |  |  |  |  |  |O |  | 1 2 1 1 1 2
|  |  |  |O |  |X |  |  |  |  |  |  |  |X |  | 2 1 1 1 1
|  |  |  |X |  |X |X |O |X |  |  |  |  |  |  | 1 1 1 1 3
|  |  |  |  |O |X |X |O |X |  |  |  |  |  |  | 2 1 1 1
|  |  |  |O |  |X |  |O |X |  |  |  |  |  |  | 1 2 1 3
|  |  |X |O |X |O |X |  |  |  |  |  |  |  |  | 1 1 1 1
|  |  |  |  |O |O |O |O |O |O |  |  |  |  |  | 1 8 1
|  |  |  |X |O |X |X |X |  |  |  |  |  |  |  | 1 1 1 1
|  |  |  |O |X |O |  |O |O |  |  |  |O |  |  | 2 4 3
|X |X |X |O |O |O |X |X |  |  |  |  |  |  |  | 3 3
|  |O |  |X |O |O |X |  |  |O |  |  |  |  |  | 2 2 3 2
|  |  |X |O |O |X |O |O |X |  |  |  |  |  |  | 1 2 2 2 1
|  |X |X |O |X |O |O |O |O |  |  |  |  |  |  | 1 1 4 1 1
|  |  |X |O |X |O |X |  |  |  |  |  |  |  |  | 1 1 1 1 1 2
|  |  |  |X |O |X |X |  |X |  |  |  |  |  |  | 1 1

Iteration #34 (across, 9)
-------------------------
              1                          1    
     2     2  2     1  5     2  1  2  1  1    
  1  1  1  3  2  2  1  1  2  2  3  1  1  1  1 
  1  2  1  2  3  3  1  1  3  3  2  1  1  2  1 
  2  2  1  3  1  2  2  3  2  1  3  1  4  1  1 
|  |  |  |O |  |X |  |  |  |  |  |  |  |O |  | 1 2 1 1 1 2
|  |  |  |O |  |X |  |  |  |  |  |  |  |X |  | 2 1 1 1 1
|  |  |  |X |  |X |X |O |X |  |  |  |  |  |  | 1 1 1 1 3
|  |  |  |  |O |X |X |O |X |  |  |  |  |  |  | 2 1 1 1
|  |  |  |O |  |X |  |O |X |  |  |  |  |  |  | 1 2 1 3
|  |  |X |O |X |O |X |  |  |  |  |  |  |  |  | 1 1 1 1
|  |  |  |  |O |O |O |O |O |O |  |  |  |  |  | 1 8 1
|  |  |  |X |O |X |X |X |  |  |  |  |  |  |  | 1 1 1 1
|X |X |O |O |X |O |O |O |O |X |  |  |O |  |  | 2 4 3
|X |X |X |O |O |O |X |X |  |  |  |  |  |  |  | 3 3
|  |O |  |X |O |O |X |  |  |O |  |  |  |  |  | 2 2 3 2
|  |  |X |O |O |X |O |O |X |  |  |  |  |  |  | 1 2 2 2 1
|  |X |X |O |X |O |O |O |O |  |  |  |  |  |  | 1 1 4 1 1
|  |  |X |O |X |O |X |  |  |  |  |  |  |  |  | 1 1 1 1 1 2
|  |  |  |X |O |X |X |  |X |  |  |  |  |  |  | 1 1

Iteration #35 (across, 13)
--------------------------
              1                          1    
     2     2  2     1  5     2  1  2  1  1    
  1  1  1  3  2  2  1  1  2  2  3  1  1  1  1 
  1  2  1  2  3  3  1  1  3  3  2  1  1  2  1 
  2  2  1  3  1  2  2  3  2  1  3  1  4  1  1 
|  |  |  |O |  |X |  |  |  |  |  |  |  |O |  | 1 2 1 1 1 2
|  |  |  |O |  |X |  |  |  |  |  |  |  |X |  | 2 1 1 1 1
|  |  |  |X |  |X |X |O |X |  |  |  |  |  |  | 1 1 1 1 3
|  |  |  |  |O |X |X |O |X |  |  |  |  |  |  | 2 1 1 1
|  |  |  |O |  |X |  |O |X |  |  |  |  |  |  | 1 2 1 3
|  |  |X |O |X |O |X |  |  |  |  |  |  |  |  | 1 1 1 1
|  |  |  |  |O |O |O |O |O |O |  |  |  |  |  | 1 8 1
|  |  |  |X |O |X |X |X |  |  |  |  |  |  |  | 1 1 1 1
|X |X |O |O |X |O |O |O |O |X |  |  |O |  |  | 2 4 3
|X |X |X |O |O |O |X |X |  |  |  |  |  |  |  | 3 3
|  |O |  |X |O |O |X |  |  |O |  |  |  |  |  | 2 2 3 2
|  |  |X |O |O |X |O |O |X |  |  |  |  |  |  | 1 2 2 2 1
|O |X |X |O |X |O |O |O |O |X |  |  |  |  |  | 1 1 4 1 1
|  |  |X |O |X |O |X |  |  |  |  |  |  |  |  | 1 1 1 1 1 2
|  |  |  |X |O |X |X |  |X |  |  |  |  |  |  | 1 1

Iteration #36 (down, 10)
------------------------
              1                          1    
     2     2  2     1  5     2  1  2  1  1    
  1  1  1  3  2  2  1  1  2  2  3  1  1  1  1 
  1  2  1  2  3  3  1  1  3  3  2  1  1  2  1 
  2  2  1  3  1  2  2  3  2  1  3  1  4  1  1 
|  |  |  |O |  |X |  |  |  |  |  |  |  |O |  | 1 2 1 1 1 2
|  |  |  |O |  |X |  |  |  |  |  |  |  |X |  | 2 1 1 1 1
|  |  |  |X |  |X |X |O |X |  |  |  |  |  |  | 1 1 1 1 3
|  |  |  |  |O |X |X |O |X |  |  |  |  |  |  | 2 1 1 1
|  |  |  |O |  |X |  |O |X |  |  |  |  |  |  | 1 2 1 3
|  |  |X |O |X |O |X |  |  |  |  |  |  |  |  | 1 1 1 1
|  |  |  |  |O |O |O |O |O |O |  |  |  |  |  | 1 8 1
|  |  |  |X |O |X |X |X |  |  |  |  |  |  |  | 1 1 1 1
|X |X |O |O |X |O |O |O |O |X |  |  |O |  |  | 2 4 3
|X |X |X |O |O |O |X |X |  |O |  |  |  |  |  | 3 3
|  |O |  |X |O |O |X |  |  |O |  |  |  |  |  | 2 2 3 2
|  |  |X |O |O |X |O |O |X |O |  |  |  |  |  | 1 2 2 2 1
|O |X |X |O |X |O |O |O |O |X |  |  |  |  |  | 1 1 4 1 1
|  |  |X |O |X |O |X |  |  |  |  |  |  |  |  | 1 1 1 1 1 2
|  |  |  |X |O |X |X |  |X |  |  |  |  |  |  | 1 1

Iteration #37 (down, 1)
-----------------------
              1                          1    
     2     2  2     1  5     2  1  2  1  1    
  1  1  1  3  2  2  1  1  2  2  3  1  1  1  1 
  1  2  1  2  3  3  1  1  3  3  2  1  1  2  1 
  2  2  1  3  1  2  2  3  2  1  3  1  4  1  1 
|  |  |  |O |  |X |  |  |  |  |  |  |  |O |  | 1 2 1 1 1 2
|  |  |  |O |  |X |  |  |  |  |  |  |  |X |  | 2 1 1 1 1
|  |  |  |X |  |X |X |O |X |  |  |  |  |  |  | 1 1 1 1 3
|  |  |  |  |O |X |X |O |X |  |  |  |  |  |  | 2 1 1 1
|  |  |  |O |  |X |  |O |X |  |  |  |  |  |  | 1 2 1 3
|  |  |X |O |X |O |X |  |  |  |  |  |  |  |  | 1 1 1 1
|  |  |  |  |O |O |O |O |O |O |  |  |  |  |  | 1 8 1
|  |  |  |X |O |X |X |X |  |  |  |  |  |  |  | 1 1 1 1
|X |X |O |O |X |O |O |O |O |X |  |  |O |  |  | 2 4 3
|X |X |X |O |O |O |X |X |  |O |  |  |  |  |  | 3 3
|  |O |  |X |O |O |X |  |  |O |  |  |  |  |  | 2 2 3 2
|  |  |X |O |O |X |O |O |X |O |  |  |  |  |  | 1 2 2 2 1
|O |X |X |O |X |O |O |O |O |X |  |  |  |  |  | 1 1 4 1 1
|  |  |X |O |X |O |X |  |  |  |  |  |  |  |  | 1 1 1 1 1 2
|X |  |  |X |O |X |X |  |X |  |  |  |  |  |  | 1 1

Iteration #38 (down, 9)
-----------------------
              1                          1    
     2     2  2     1  5     2  1  2  1  1    
  1  1  1  3  2  2  1  1  2  2  3  1  1  1  1 
  1  2  1  2  3  3  1  1  3  3  2  1  1  2  1 
  2  2  1  3  1  2  2  3  2  1  3  1  4  1  1 
|  |  |  |O |  |X |  |  |  |  |  |  |  |O |  | 1 2 1 1 1 2
|  |  |  |O |  |X |  |  |  |  |  |  |  |X |  | 2 1 1 1 1
|  |  |  |X |  |X |X |O |X |  |  |  |  |  |  | 1 1 1 1 3
|  |  |  |  |O |X |X |O |X |  |  |  |  |  |  | 2 1 1 1
|  |  |  |O |  |X |  |O |X |  |  |  |  |  |  | 1 2 1 3
|  |  |X |O |X |O |X |  |  |  |  |  |  |  |  | 1 1 1 1
|  |  |  |  |O |O |O |O |O |O |  |  |  |  |  | 1 8 1
|  |  |  |X |O |X |X |X |  |  |  |  |  |  |  | 1 1 1 1
|X |X |O |O |X |O |O |O |O |X |  |  |O |  |  | 2 4 3
|X |X |X |O |O |O |X |X |  |O |  |  |  |  |  | 3 3
|  |O |  |X |O |O |X |  |  |O |  |  |  |  |  | 2 2 3 2
|  |  |X |O |O |X |O |O |X |O |  |  |  |  |  | 1 2 2 2 1
|O |X |X |O |X |O |O |O |O |X |  |  |  |  |  | 1 1 4 1 1
|  |  |X |O |X |O |X |  |O |  |  |  |  |  |  | 1 1 1 1 1 2
|X |  |  |X |O |X |X |  |X |  |  |  |  |  |  | 1 1

Iteration #39 (down, 3)
-----------------------
              1                          1    
     2     2  2     1  5     2  1  2  1  1    
  1  1  1  3  2  2  1  1  2  2  3  1  1  1  1 
  1  2  1  2  3  3  1  1  3  3  2  1  1  2  1 
  2  2  1  3  1  2  2  3  2  1  3  1  4  1  1 
|  |  |  |O |  |X |  |  |  |  |  |  |  |O |  | 1 2 1 1 1 2
|  |  |  |O |  |X |  |  |  |  |  |  |  |X |  | 2 1 1 1 1
|  |  |  |X |  |X |X |O |X |  |  |  |  |  |  | 1 1 1 1 3
|  |  |  |  |O |X |X |O |X |  |  |  |  |  |  | 2 1 1 1
|  |  |  |O |  |X |  |O |X |  |  |  |  |  |  | 1 2 1 3
|  |  |X |O |X |O |X |  |  |  |  |  |  |  |  | 1 1 1 1
|  |  |  |  |O |O |O |O |O |O |  |  |  |  |  | 1 8 1
|  |  |X |X |O |X |X |X |  |  |  |  |  |  |  | 1 1 1 1
|X |X |O |O |X |O |O |O |O |X |  |  |O |  |  | 2 4 3
|X |X |X |O |O |O |X |X |  |O |  |  |  |  |  | 3 3
|  |O |  |X |O |O |X |  |  |O |  |  |  |  |  | 2 2 3 2
|  |  |X |O |O |X |O |O |X |O |  |  |  |  |  | 1 2 2 2 1
|O |X |X |O |X |O |O |O |O |X |  |  |  |  |  | 1 1 4 1 1
|  |  |X |O |X |O |X |  |O |  |  |  |  |  |  | 1 1 1 1 1 2
|X |  |  |X |O |X |X |  |X |  |  |  |  |  |  | 1 1

Iteration #40 (down, 8)
-----------------------
              1                          1    
     2     2  2     1  5     2  1  2  1  1    
  1  1  1  3  2  2  1  1  2  2  3  1  1  1  1 
  1  2  1  2  3  3  1  1  3  3  2  1  1  2  1 
  2  2  1  3  1  2  2  3  2  1  3  1  4  1  1 
|  |  |  |O |  |X |  |O |  |  |  |  |  |O |  | 1 2 1 1 1 2
|  |  |  |O |  |X |  |O |  |  |  |  |  |X |  | 2 1 1 1 1
|  |  |  |X |  |X |X |O |X |  |  |  |  |  |  | 1 1 1 1 3
|  |  |  |  |O |X |X |O |X |  |  |  |  |  |  | 2 1 1 1
|  |  |  |O |  |X |  |O |X |  |  |  |  |  |  | 1 2 1 3
|  |  |X |O |X |O |X |X |  |  |  |  |  |  |  | 1 1 1 1
|  |  |  |  |O |O |O |O |O |O |  |  |  |  |  | 1 8 1
|  |  |X |X |O |X |X |X |  |  |  |  |  |  |  | 1 1 1 1
|X |X |O |O |X |O |O |O |O |X |  |  |O |  |  | 2 4 3
|X |X |X |O |O |O |X |X |  |O |  |  |  |  |  | 3 3
|  |O |  |X |O |O |X |  |  |O |  |  |  |  |  | 2 2 3 2
|  |  |X |O |O |X |O |O |X |O |  |  |  |  |  | 1 2 2 2 1
|O |X |X |O |X |O |O |O |O |X |  |  |  |  |  | 1 1 4 1 1
|  |  |X |O |X |O |X |  |O |  |  |  |  |  |  | 1 1 1 1 1 2
|X |  |  |X |O |X |X |X |X |  |  |  |  |  |  | 1 1

Iteration #41 (across, 1)
-------------------------
              1                          1    
     2     2  2     1  5     2  1  2  1  1    
  1  1  1  3  2  2  1  1  2  2  3  1  1  1  1 
  1  2  1  2  3  3  1  1  3  3  2  1  1  2  1 
  2  2  1  3  1  2  2  3  2  1  3  1  4  1  1 
|  |  |  |O |  |X |X |O |X |O |X |O |X |O |O | 1 2 1 1 1 2
|  |  |  |O |  |X |  |O |  |  |  |  |  |X |  | 2 1 1 1 1
|  |  |  |X |  |X |X |O |X |  |  |  |  |  |  | 1 1 1 1 3
|  |  |  |  |O |X |X |O |X |  |  |  |  |  |  | 2 1 1 1
|  |  |  |O |  |X |  |O |X |  |  |  |  |  |  | 1 2 1 3
|  |  |X |O |X |O |X |X |  |  |  |  |  |  |  | 1 1 1 1
|  |  |  |  |O |O |O |O |O |O |  |  |  |  |  | 1 8 1
|  |  |X |X |O |X |X |X |  |  |  |  |  |  |  | 1 1 1 1
|X |X |O |O |X |O |O |O |O |X |  |  |O |  |  | 2 4 3
|X |X |X |O |O |O |X |X |  |O |  |  |  |  |  | 3 3
|  |O |  |X |O |O |X |  |  |O |  |  |  |  |  | 2 2 3 2
|  |  |X |O |O |X |O |O |X |O |  |  |  |  |  | 1 2 2 2 1
|O |X |X |O |X |O |O |O |O |X |  |  |  |  |  | 1 1 4 1 1
|  |  |X |O |X |O |X |  |O |  |  |  |  |  |  | 1 1 1 1 1 2
|X |  |  |X |O |X |X |X |X |  |  |  |  |  |  | 1 1

Iteration #42 (across, 2)
-------------------------
              1                          1    
     2     2  2     1  5     2  1  2  1  1    
  1  1  1  3  2  2  1  1  2  2  3  1  1  1  1 
  1  2  1  2  3  3  1  1  3  3  2  1  1  2  1 
  2  2  1  3  1  2  2  3  2  1  3  1  4  1  1 
|  |  |  |O |  |X |X |O |X |O |X |O |X |O |O | 1 2 1 1 1 2
|  |  |  |O |  |X |X |O |X |  |  |  |  |X |  | 2 1 1 1 1
|  |  |  |X |  |X |X |O |X |  |  |  |  |  |  | 1 1 1 1 3
|  |  |  |  |O |X |X |O |X |  |  |  |  |  |  | 2 1 1 1
|  |  |  |O |  |X |  |O |X |  |  |  |  |  |  | 1 2 1 3
|  |  |X |O |X |O |X |X |  |  |  |  |  |  |  | 1 1 1 1
|  |  |  |  |O |O |O |O |O |O |  |  |  |  |  | 1 8 1
|  |  |X |X |O |X |X |X |  |  |  |  |  |  |  | 1 1 1 1
|X |X |O |O |X |O |O |O |O |X |  |  |O |  |  | 2 4 3
|X |X |X |O |O |O |X |X |  |O |  |  |  |  |  | 3 3
|  |O |  |X |O |O |X |  |  |O |  |  |  |  |  | 2 2 3 2
|  |  |X |O |O |X |O |O |X |O |  |  |  |  |  | 1 2 2 2 1
|O |X |X |O |X |O |O |O |O |X |  |  |  |  |  | 1 1 4 1 1
|  |  |X |O |X |O |X |  |O |  |  |  |  |  |  | 1 1 1 1 1 2
|X |  |  |X |O |X |X |X |X |  |  |  |  |  |  | 1 1

Iteration #43 (across, 14)
--------------------------
              1                          1    
     2     2  2     1  5     2  1  2  1  1    
  1  1  1  3  2  2  1  1  2  2  3  1  1  1  1 
  1  2  1  2  3  3  1  1  3  3  2  1  1  2  1 
  2  2  1  3  1  2  2  3  2  1  3  1  4  1  1 
|  |  |  |O |  |X |X |O |X |O |X |O |X |O |O | 1 2 1 1 1 2
|  |  |  |O |  |X |X |O |X |  |  |  |  |X |  | 2 1 1 1 1
|  |  |  |X |  |X |X |O |X |  |  |  |  |  |  | 1 1 1 1 3
|  |  |  |  |O |X |X |O |X |  |  |  |  |  |  | 2 1 1 1
|  |  |  |O |  |X |  |O |X |  |  |  |  |  |  | 1 2 1 3
|  |  |X |O |X |O |X |X |  |  |  |  |  |  |  | 1 1 1 1
|  |  |  |  |O |O |O |O |O |O |  |  |  |  |  | 1 8 1
|  |  |X |X |O |X |X |X |  |  |  |  |  |  |  | 1 1 1 1
|X |X |O |O |X |O |O |O |O |X |  |  |O |  |  | 2 4 3
|X |X |X |O |O |O |X |X |  |O |  |  |  |  |  | 3 3
|  |O |  |X |O |O |X |  |  |O |  |  |  |  |  | 2 2 3 2
|  |  |X |O |O |X |O |O |X |O |  |  |  |  |  | 1 2 2 2 1
|O |X |X |O |X |O |O |O |O |X |  |  |  |  |  | 1 1 4 1 1
|  |  |X |O |X |O |X |X |O |X |  |  |  |O |  | 1 1 1 1 1 2
|X |  |  |X |O |X |X |X |X |  |  |  |  |  |  | 1 1

Iteration #44 (across, 12)
--------------------------
              1                          1    
     2     2  2     1  5     2  1  2  1  1    
  1  1  1  3  2  2  1  1  2  2  3  1  1  1  1 
  1  2  1  2  3  3  1  1  3  3  2  1  1  2  1 
  2  2  1  3  1  2  2  3  2  1  3  1  4  1  1 
|  |  |  |O |  |X |X |O |X |O |X |O |X |O |O | 1 2 1 1 1 2
|  |  |  |O |  |X |X |O |X |  |  |  |  |X |  | 2 1 1 1 1
|  |  |  |X |  |X |X |O |X |  |  |  |  |  |  | 1 1 1 1 3
|  |  |  |  |O |X |X |O |X |  |  |  |  |  |  | 2 1 1 1
|  |  |  |O |  |X |  |O |X |  |  |  |  |  |  | 1 2 1 3
|  |  |X |O |X |O |X |X |  |  |  |  |  |  |  | 1 1 1 1
|  |  |  |  |O |O |O |O |O |O |  |  |  |  |  | 1 8 1
|  |  |X |X |O |X |X |X |  |  |  |  |  |  |  | 1 1 1 1
|X |X |O |O |X |O |O |O |O |X |  |  |O |  |  | 2 4 3
|X |X |X |O |O |O |X |X |  |O |  |  |  |  |  | 3 3
|  |O |  |X |O |O |X |  |  |O |  |  |  |  |  | 2 2 3 2
|  |  |X |O |O |X |O |O |X |O |O |X |  |  |  | 1 2 2 2 1
|O |X |X |O |X |O |O |O |O |X |  |  |  |  |  | 1 1 4 1 1
|  |  |X |O |X |O |X |X |O |X |  |  |  |O |  | 1 1 1 1 1 2
|X |  |  |X |O |X |X |X |X |  |  |  |  |  |  | 1 1

Iteration #45 (across, 10)
--------------------------
              1                          1    
     2     2  2     1  5     2  1  2  1  1    
  1  1  1  3  2  2  1  1  2  2  3  1  1  1  1 
  1  2  1  2  3  3  1  1  3  3  2  1  1  2  1 
  2  2  1  3  1  2  2  3  2  1  3  1  4  1  1 
|  |  |  |O |  |X |X |O |X |O |X |O |X |O |O | 1 2 1 1 1 2
|  |  |  |O |  |X |X |O |X |  |  |  |  |X |  | 2 1 1 1 1
|  |  |  |X |  |X |X |O |X |  |  |  |  |  |  | 1 1 1 1 3
|  |  |  |  |O |X |X |O |X |  |  |  |  |  |  | 2 1 1 1
|  |  |  |O |  |X |  |O |X |  |  |  |  |  |  | 1 2 1 3
|  |  |X |O |X |O |X |X |  |  |  |  |  |  |  | 1 1 1 1
|  |  |  |  |O |O |O |O |O |O |  |  |  |  |  | 1 8 1
|  |  |X |X |O |X |X |X |  |  |  |  |  |  |  | 1 1 1 1
|X |X |O |O |X |O |O |O |O |X |  |  |O |  |  | 2 4 3
|X |X |X |O |O |O |X |X |  |O |O |  |X |X |X | 3 3
|  |O |  |X |O |O |X |  |  |O |  |  |  |  |  | 2 2 3 2
|  |  |X |O |O |X |O |O |X |O |O |X |  |  |  | 1 2 2 2 1
|O |X |X |O |X |O |O |O |O |X |  |  |  |  |  | 1 1 4 1 1
|  |  |X |O |X |O |X |X |O |X |  |  |  |O |  | 1 1 1 1 1 2
|X |  |  |X |O |X |X |X |X |  |  |  |  |  |  | 1 1

Iteration #46 (down, 11)
------------------------
              1                          1    
     2     2  2     1  5     2  1  2  1  1    
  1  1  1  3  2  2  1  1  2  2  3  1  1  1  1 
  1  2  1  2  3  3  1  1  3  3  2  1  1  2  1 
  2  2  1  3  1  2  2  3  2  1  3  1  4  1  1 
|  |  |  |O |  |X |X |O |X |O |X |O |X |O |O | 1 2 1 1 1 2
|  |  |  |O |  |X |X |O |X |  |  |  |  |X |  | 2 1 1 1 1
|  |  |  |X |  |X |X |O |X |  |  |  |  |  |  | 1 1 1 1 3
|  |  |  |  |O |X |X |O |X |  |  |  |  |  |  | 2 1 1 1
|  |  |  |O |  |X |  |O |X |  |O |  |  |  |  | 1 2 1 3
|  |  |X |O |X |O |X |X |  |  |O |  |  |  |  | 1 1 1 1
|  |  |  |  |O |O |O |O |O |O |  |  |  |  |  | 1 8 1
|  |  |X |X |O |X |X |X |  |  |X |  |  |  |  | 1 1 1 1
|X |X |O |O |X |O |O |O |O |X |O |  |O |  |  | 2 4 3
|X |X |X |O |O |O |X |X |  |O |O |  |X |X |X | 3 3
|  |O |  |X |O |O |X |  |  |O |X |  |  |  |  | 2 2 3 2
|  |  |X |O |O |X |O |O |X |O |O |X |  |  |  | 1 2 2 2 1
|O |X |X |O |X |O |O |O |O |X |O |  |  |  |  | 1 1 4 1 1
|  |  |X |O |X |O |X |X |O |X |O |  |  |O |  | 1 1 1 1 1 2
|X |  |  |X |O |X |X |X |X |  |X |  |  |  |  | 1 1

Iteration #47 (down, 13)
------------------------
              1                          1    
     2     2  2     1  5     2  1  2  1  1    
  1  1  1  3  2  2  1  1  2  2  3  1  1  1  1 
  1  2  1  2  3  3  1  1  3  3  2  1  1  2  1 
  2  2  1  3  1  2  2  3  2  1  3  1  4  1  1 
|  |  |  |O |  |X |X |O |X |O |X |O |X |O |O | 1 2 1 1 1 2
|  |  |  |O |  |X |X |O |X |  |  |  |  |X |  | 2 1 1 1 1
|  |  |  |X |  |X |X |O |X |  |  |  |  |  |  | 1 1 1 1 3
|  |  |  |  |O |X |X |O |X |  |  |  |  |  |  | 2 1 1 1
|  |  |  |O |  |X |  |O |X |  |O |  |  |  |  | 1 2 1 3
|  |  |X |O |X |O |X |X |  |  |O |  |  |  |  | 1 1 1 1
|  |  |  |  |O |O |O |O |O |O |  |  |  |  |  | 1 8 1
|  |  |X |X |O |X |X |X |  |  |X |  |X |  |  | 1 1 1 1
|X |X |O |O |X |O |O |O |O |X |O |  |O |  |  | 2 4 3
|X |X |X |O |O |O |X |X |  |O |O |  |X |X |X | 3 3
|  |O |  |X |O |O |X |  |  |O |X |  |  |  |  | 2 2 3 2
|  |  |X |O |O |X |O |O |X |O |O |X |O |  |  | 1 2 2 2 1
|O |X |X |O |X |O |O |O |O |X |O |  |O |  |  | 1 1 4 1 1
|  |  |X |O |X |O |X |X |O |X |O |  |O |O |  | 1 1 1 1 1 2
|X |  |  |X |O |X |X |X |X |  |X |  |  |  |  | 1 1

Iteration #48 (down, 12)
------------------------
              1                          1    
     2     2  2     1  5     2  1  2  1  1    
  1  1  1  3  2  2  1  1  2  2  3  1  1  1  1 
  1  2  1  2  3  3  1  1  3  3  2  1  1  2  1 
  2  2  1  3  1  2  2  3  2  1  3  1  4  1  1 
|  |  |  |O |  |X |X |O |X |O |X |O |X |O |O | 1 2 1 1 1 2
|  |  |  |O |  |X |X |O |X |  |  |O |  |X |  | 2 1 1 1 1
|  |  |  |X |  |X |X |O |X |  |  |X |  |  |  | 1 1 1 1 3
|  |  |  |  |O |X |X |O |X |  |  |  |  |  |  | 2 1 1 1
|  |  |  |O |  |X |  |O |X |  |O |  |  |  |  | 1 2 1 3
|  |  |X |O |X |O |X |X |  |  |O |  |  |  |  | 1 1 1 1
|  |  |  |  |O |O |O |O |O |O |  |  |  |  |  | 1 8 1
|  |  |X |X |O |X |X |X |  |  |X |  |X |  |  | 1 1 1 1
|X |X |O |O |X |O |O |O |O |X |O |  |O |  |  | 2 4 3
|X |X |X |O |O |O |X |X |  |O |O |  |X |X |X | 3 3
|  |O |  |X |O |O |X |  |  |O |X |  |  |  |  | 2 2 3 2
|  |  |X |O |O |X |O |O |X |O |O |X |O |  |  | 1 2 2 2 1
|O |X |X |O |X |O |O |O |O |X |O |  |O |  |  | 1 1 4 1 1
|  |  |X |O |X |O |X |X |O |X |O |  |O |O |  | 1 1 1 1 1 2
|X |  |  |X |O |X |X |X |X |  |X |  |  |  |  | 1 1

Iteration #49 (down, 14)
------------------------
              1                          1    
     2     2  2     1  5     2  1  2  1  1    
  1  1  1  3  2  2  1  1  2  2  3  1  1  1  1 
  1  2  1  2  3  3  1  1  3  3  2  1  1  2  1 
  2  2  1  3  1  2  2  3  2  1  3  1  4  1  1 
|  |  |  |O |  |X |X |O |X |O |X |O |X |O |O | 1 2 1 1 1 2
|  |  |  |O |  |X |X |O |X |  |  |O |  |X |  | 2 1 1 1 1
|  |  |  |X |  |X |X |O |X |  |  |X |  |  |  | 1 1 1 1 3
|  |  |  |  |O |X |X |O |X |  |  |  |  |  |  | 2 1 1 1
|  |  |  |O |  |X |  |O |X |  |O |  |  |  |  | 1 2 1 3
|  |  |X |O |X |O |X |X |  |  |O |  |  |  |  | 1 1 1 1
|  |  |  |  |O |O |O |O |O |O |  |  |  |  |  | 1 8 1
|  |  |X |X |O |X |X |X |  |  |X |  |X |  |  | 1 1 1 1
|X |X |O |O |X |O |O |O |O |X |O |  |O |  |  | 2 4 3
|X |X |X |O |O |O |X |X |  |O |O |  |X |X |X | 3 3
|  |O |  |X |O |O |X |  |  |O |X |  |  |  |  | 2 2 3 2
|  |  |X |O |O |X |O |O |X |O |O |X |O |  |  | 1 2 2 2 1
|O |X |X |O |X |O |O |O |O |X |O |  |O |X |  | 1 1 4 1 1
|  |  |X |O |X |O |X |X |O |X |O |  |O |O |  | 1 1 1 1 1 2
|X |  |  |X |O |X |X |X |X |  |X |  |  |X |  | 1 1

Iteration #50 (down, 9)
-----------------------
              1                          1    
     2     2  2     1  5     2  1  2  1  1    
  1  1  1  3  2  2  1  1  2  2  3  1  1  1  1 
  1  2  1  2  3  3  1  1  3  3  2  1  1  2  1 
  2  2  1  3  1  2  2  3  2  1  3  1  4  1  1 
|  |  |  |O |  |X |X |O |X |O |X |O |X |O |O | 1 2 1 1 1 2
|  |  |  |O |  |X |X |O |X |  |  |O |  |X |  | 2 1 1 1 1
|  |  |  |X |  |X |X |O |X |  |  |X |  |  |  | 1 1 1 1 3
|  |  |  |  |O |X |X |O |X |  |  |  |  |  |  | 2 1 1 1
|  |  |  |O |  |X |  |O |X |  |O |  |  |  |  | 1 2 1 3
|  |  |X |O |X |O |X |X |O |  |O |  |  |  |  | 1 1 1 1
|  |  |  |  |O |O |O |O |O |O |  |  |  |  |  | 1 8 1
|  |  |X |X |O |X |X |X |X |  |X |  |X |  |  | 1 1 1 1
|X |X |O |O |X |O |O |O |O |X |O |  |O |  |  | 2 4 3
|X |X |X |O |O |O |X |X |O |O |O |  |X |X |X | 3 3
|  |O |  |X |O |O |X |  |O |O |X |  |  |  |  | 2 2 3 2
|  |  |X |O |O |X |O |O |X |O |O |X |O |  |  | 1 2 2 2 1
|O |X |X |O |X |O |O |O |O |X |O |  |O |X |  | 1 1 4 1 1
|  |  |X |O |X |O |X |X |O |X |O |  |O |O |  | 1 1 1 1 1 2
|X |  |  |X |O |X |X |X |X |  |X |  |  |X |  | 1 1

Iteration #51 (down, 10)
------------------------
              1                          1    
     2     2  2     1  5     2  1  2  1  1    
  1  1  1  3  2  2  1  1  2  2  3  1  1  1  1 
  1  2  1  2  3  3  1  1  3  3  2  1  1  2  1 
  2  2  1  3  1  2  2  3  2  1  3  1  4  1  1 
|  |  |  |O |  |X |X |O |X |O |X |O |X |O |O | 1 2 1 1 1 2
|  |  |  |O |  |X |X |O |X |O |  |O |  |X |  | 2 1 1 1 1
|  |  |  |X |  |X |X |O |X |X |  |X |  |  |  | 1 1 1 1 3
|  |  |  |  |O |X |X |O |X |X |  |  |  |  |  | 2 1 1 1
|  |  |  |O |  |X |  |O |X |X |O |  |  |  |  | 1 2 1 3
|  |  |X |O |X |O |X |X |O |  |O |  |  |  |  | 1 1 1 1
|  |  |  |  |O |O |O |O |O |O |  |  |  |  |  | 1 8 1
|  |  |X |X |O |X |X |X |X |  |X |  |X |  |  | 1 1 1 1
|X |X |O |O |X |O |O |O |O |X |O |  |O |  |  | 2 4 3
|X |X |X |O |O |O |X |X |O |O |O |  |X |X |X | 3 3
|  |O |  |X |O |O |X |  |O |O |X |  |  |  |  | 2 2 3 2
|  |  |X |O |O |X |O |O |X |O |O |X |O |  |  | 1 2 2 2 1
|O |X |X |O |X |O |O |O |O |X |O |  |O |X |  | 1 1 4 1 1
|  |  |X |O |X |O |X |X |O |X |O |  |O |O |  | 1 1 1 1 1 2
|X |  |  |X |O |X |X |X |X |O |X |  |  |X |  | 1 1

Iteration #52 (down, 15)
------------------------
              1                          1    
     2     2  2     1  5     2  1  2  1  1    
  1  1  1  3  2  2  1  1  2  2  3  1  1  1  1 
  1  2  1  2  3  3  1  1  3  3  2  1  1  2  1 
  2  2  1  3  1  2  2  3  2  1  3  1  4  1  1 
|  |  |  |O |  |X |X |O |X |O |X |O |X |O |O | 1 2 1 1 1 2
|  |  |  |O |  |X |X |O |X |O |  |O |  |X |X | 2 1 1 1 1
|  |  |  |X |  |X |X |O |X |X |  |X |  |  |  | 1 1 1 1 3
|  |  |  |  |O |X |X |O |X |X |  |  |  |  |  | 2 1 1 1
|  |  |  |O |  |X |  |O |X |X |O |  |  |  |  | 1 2 1 3
|  |  |X |O |X |O |X |X |O |  |O |  |  |  |  | 1 1 1 1
|  |  |  |  |O |O |O |O |O |O |  |  |  |  |  | 1 8 1
|  |  |X |X |O |X |X |X |X |  |X |  |X |  |  | 1 1 1 1
|X |X |O |O |X |O |O |O |O |X |O |  |O |  |  | 2 4 3
|X |X |X |O |O |O |X |X |O |O |O |  |X |X |X | 3 3
|  |O |  |X |O |O |X |  |O |O |X |  |  |  |  | 2 2 3 2
|  |  |X |O |O |X |O |O |X |O |O |X |O |  |  | 1 2 2 2 1
|O |X |X |O |X |O |O |O |O |X |O |  |O |X |  | 1 1 4 1 1
|  |  |X |O |X |O |X |X |O |X |O |  |O |O |  | 1 1 1 1 1 2
|X |  |  |X |O |X |X |X |X |O |X |  |  |X |  | 1 1

Iteration #53 (down, 7)
-----------------------
              1                          1    
     2     2  2     1  5     2  1  2  1  1    
  1  1  1  3  2  2  1  1  2  2  3  1  1  1  1 
  1  2  1  2  3  3  1  1  3  3  2  1  1  2  1 
  2  2  1  3  1  2  2  3  2  1  3  1  4  1  1 
|  |  |  |O |  |X |X |O |X |O |X |O |X |O |O | 1 2 1 1 1 2
|  |  |  |O |  |X |X |O |X |O |  |O |  |X |X | 2 1 1 1 1
|  |  |  |X |  |X |X |O |X |X |  |X |  |  |  | 1 1 1 1 3
|  |  |  |  |O |X |X |O |X |X |  |  |  |  |  | 2 1 1 1
|  |  |  |O |  |X |O |O |X |X |O |  |  |  |  | 1 2 1 3
|  |  |X |O |X |O |X |X |O |  |O |  |  |  |  | 1 1 1 1
|  |  |  |  |O |O |O |O |O |O |  |  |  |  |  | 1 8 1
|  |  |X |X |O |X |X |X |X |  |X |  |X |  |  | 1 1 1 1
|X |X |O |O |X |O |O |O |O |X |O |  |O |  |  | 2 4 3
|X |X |X |O |O |O |X |X |O |O |O |  |X |X |X | 3 3
|  |O |  |X |O |O |X |  |O |O |X |  |  |  |  | 2 2 3 2
|  |  |X |O |O |X |O |O |X |O |O |X |O |  |  | 1 2 2 2 1
|O |X |X |O |X |O |O |O |O |X |O |  |O |X |  | 1 1 4 1 1
|  |  |X |O |X |O |X |X |O |X |O |  |O |O |  | 1 1 1 1 1 2
|X |  |  |X |O |X |X |X |X |O |X |  |  |X |  | 1 1

Iteration #54 (down, 8)
-----------------------
              1                          1    
     2     2  2     1  5     2  1  2  1  1    
  1  1  1  3  2  2  1  1  2  2  3  1  1  1  1 
  1  2  1  2  3  3  1  1  3  3  2  1  1  2  1 
  2  2  1  3  1  2  2  3  2  1  3  1  4  1  1 
|  |  |  |O |  |X |X |O |X |O |X |O |X |O |O | 1 2 1 1 1 2
|  |  |  |O |  |X |X |O |X |O |  |O |  |X |X | 2 1 1 1 1
|  |  |  |X |  |X |X |O |X |X |  |X |  |  |  | 1 1 1 1 3
|  |  |  |  |O |X |X |O |X |X |  |  |  |  |  | 2 1 1 1
|  |  |  |O |  |X |O |O |X |X |O |  |  |  |  | 1 2 1 3
|  |  |X |O |X |O |X |X |O |  |O |  |  |  |  | 1 1 1 1
|  |  |  |  |O |O |O |O |O |O |  |  |  |  |  | 1 8 1
|  |  |X |X |O |X |X |X |X |  |X |  |X |  |  | 1 1 1 1
|X |X |O |O |X |O |O |O |O |X |O |  |O |  |  | 2 4 3
|X |X |X |O |O |O |X |X |O |O |O |  |X |X |X | 3 3
|  |O |  |X |O |O |X |O |O |O |X |  |  |  |  | 2 2 3 2
|  |  |X |O |O |X |O |O |X |O |O |X |O |  |  | 1 2 2 2 1
|O |X |X |O |X |O |O |O |O |X |O |  |O |X |  | 1 1 4 1 1
|  |  |X |O |X |O |X |X |O |X |O |  |O |O |  | 1 1 1 1 1 2
|X |  |  |X |O |X |X |X |X |O |X |  |  |X |  | 1 1

Iteration #55 (across, 3)
-------------------------
              1                          1    
     2     2  2     1  5     2  1  2  1  1    
  1  1  1  3  2  2  1  1  2  2  3  1  1  1  1 
  1  2  1  2  3  3  1  1  3  3  2  1  1  2  1 
  2  2  1  3  1  2  2  3  2  1  3  1  4  1  1 
|  |  |  |O |  |X |X |O |X |O |X |O |X |O |O | 1 2 1 1 1 2
|  |  |  |O |  |X |X |O |X |O |  |O |  |X |X | 2 1 1 1 1
|  |  |  |X |  |X |X |O |X |X |  |X |O |O |O | 1 1 1 1 3
|  |  |  |  |O |X |X |O |X |X |  |  |  |  |  | 2 1 1 1
|  |  |  |O |  |X |O |O |X |X |O |  |  |  |  | 1 2 1 3
|  |  |X |O |X |O |X |X |O |  |O |  |  |  |  | 1 1 1 1
|  |  |  |  |O |O |O |O |O |O |  |  |  |  |  | 1 8 1
|  |  |X |X |O |X |X |X |X |  |X |  |X |  |  | 1 1 1 1
|X |X |O |O |X |O |O |O |O |X |O |  |O |  |  | 2 4 3
|X |X |X |O |O |O |X |X |O |O |O |  |X |X |X | 3 3
|  |O |  |X |O |O |X |O |O |O |X |  |  |  |  | 2 2 3 2
|  |  |X |O |O |X |O |O |X |O |O |X |O |  |  | 1 2 2 2 1
|O |X |X |O |X |O |O |O |O |X |O |  |O |X |  | 1 1 4 1 1
|  |  |X |O |X |O |X |X |O |X |O |  |O |O |  | 1 1 1 1 1 2
|X |  |  |X |O |X |X |X |X |O |X |  |  |X |  | 1 1

Iteration #56 (across, 5)
-------------------------
              1                          1    
     2     2  2     1  5     2  1  2  1  1    
  1  1  1  3  2  2  1  1  2  2  3  1  1  1  1 
  1  2  1  2  3  3  1  1  3  3  2  1  1  2  1 
  2  2  1  3  1  2  2  3  2  1  3  1  4  1  1 
|  |  |  |O |  |X |X |O |X |O |X |O |X |O |O | 1 2 1 1 1 2
|  |  |  |O |  |X |X |O |X |O |  |O |  |X |X | 2 1 1 1 1
|  |  |  |X |  |X |X |O |X |X |  |X |O |O |O | 1 1 1 1 3
|  |  |  |  |O |X |X |O |X |X |  |  |  |  |  | 2 1 1 1
|X |X |X |O |X |X |O |O |X |X |O |X |O |O |O | 1 2 1 3
|  |  |X |O |X |O |X |X |O |  |O |  |  |  |  | 1 1 1 1
|  |  |  |  |O |O |O |O |O |O |  |  |  |  |  | 1 8 1
|  |  |X |X |O |X |X |X |X |  |X |  |X |  |  | 1 1 1 1
|X |X |O |O |X |O |O |O |O |X |O |  |O |  |  | 2 4 3
|X |X |X |O |O |O |X |X |O |O |O |  |X |X |X | 3 3
|  |O |  |X |O |O |X |O |O |O |X |  |  |  |  | 2 2 3 2
|  |  |X |O |O |X |O |O |X |O |O |X |O |  |  | 1 2 2 2 1
|O |X |X |O |X |O |O |O |O |X |O |  |O |X |  | 1 1 4 1 1
|  |  |X |O |X |O |X |X |O |X |O |  |O |O |  | 1 1 1 1 1 2
|X |  |  |X |O |X |X |X |X |O |X |  |  |X |  | 1 1

Iteration #57 (across, 2)
-------------------------
              1                          1    
     2     2  2     1  5     2  1  2  1  1    
  1  1  1  3  2  2  1  1  2  2  3  1  1  1  1 
  1  2  1  2  3  3  1  1  3  3  2  1  1  2  1 
  2  2  1  3  1  2  2  3  2  1  3  1  4  1  1 
|  |  |  |O |  |X |X |O |X |O |X |O |X |O |O | 1 2 1 1 1 2
|O |O |X |O |X |X |X |O |X |O |X |O |X |X |X | 2 1 1 1 1
|  |  |  |X |  |X |X |O |X |X |  |X |O |O |O | 1 1 1 1 3
|  |  |  |  |O |X |X |O |X |X |  |  |  |  |  | 2 1 1 1
|X |X |X |O |X |X |O |O |X |X |O |X |O |O |O | 1 2 1 3
|  |  |X |O |X |O |X |X |O |  |O |  |  |  |  | 1 1 1 1
|  |  |  |  |O |O |O |O |O |O |  |  |  |  |  | 1 8 1
|  |  |X |X |O |X |X |X |X |  |X |  |X |  |  | 1 1 1 1
|X |X |O |O |X |O |O |O |O |X |O |  |O |  |  | 2 4 3
|X |X |X |O |O |O |X |X |O |O |O |  |X |X |X | 3 3
|  |O |  |X |O |O |X |O |O |O |X |  |  |  |  | 2 2 3 2
|  |  |X |O |O |X |O |O |X |O |O |X |O |  |  | 1 2 2 2 1
|O |X |X |O |X |O |O |O |O |X |O |  |O |X |  | 1 1 4 1 1
|  |  |X |O |X |O |X |X |O |X |O |  |O |O |  | 1 1 1 1 1 2
|X |  |  |X |O |X |X |X |X |O |X |  |  |X |  | 1 1

Iteration #58 (across, 13)
--------------------------
              1                          1    
     2     2  2     1  5     2  1  2  1  1    
  1  1  1  3  2  2  1  1  2  2  3  1  1  1  1 
  1  2  1  2  3  3  1  1  3  3  2  1  1  2  1 
  2  2  1  3  1  2  2  3  2  1  3  1  4  1  1 
|  |  |  |O |  |X |X |O |X |O |X |O |X |O |O | 1 2 1 1 1 2
|O |O |X |O |X |X |X |O |X |O |X |O |X |X |X | 2 1 1 1 1
|  |  |  |X |  |X |X |O |X |X |  |X |O |O |O | 1 1 1 1 3
|  |  |  |  |O |X |X |O |X |X |  |  |  |  |  | 2 1 1 1
|X |X |X |O |X |X |O |O |X |X |O |X |O |O |O | 1 2 1 3
|  |  |X |O |X |O |X |X |O |  |O |  |  |  |  | 1 1 1 1
|  |  |  |  |O |O |O |O |O |O |  |  |  |  |  | 1 8 1
|  |  |X |X |O |X |X |X |X |  |X |  |X |  |  | 1 1 1 1
|X |X |O |O |X |O |O |O |O |X |O |  |O |  |  | 2 4 3
|X |X |X |O |O |O |X |X |O |O |O |  |X |X |X | 3 3
|  |O |  |X |O |O |X |O |O |O |X |  |  |  |  | 2 2 3 2
|  |  |X |O |O |X |O |O |X |O |O |X |O |  |  | 1 2 2 2 1
|O |X |X |O |X |O |O |O |O |X |O |X |O |X |X | 1 1 4 1 1
|  |  |X |O |X |O |X |X |O |X |O |  |O |O |  | 1 1 1 1 1 2
|X |  |  |X |O |X |X |X |X |O |X |  |  |X |  | 1 1

Iteration #59 (across, 14)
--------------------------
              1                          1    
     2     2  2     1  5     2  1  2  1  1    
  1  1  1  3  2  2  1  1  2  2  3  1  1  1  1 
  1  2  1  2  3  3  1  1  3  3  2  1  1  2  1 
  2  2  1  3  1  2  2  3  2  1  3  1  4  1  1 
|  |  |  |O |  |X |X |O |X |O |X |O |X |O |O | 1 2 1 1 1 2
|O |O |X |O |X |X |X |O |X |O |X |O |X |X |X | 2 1 1 1 1
|  |  |  |X |  |X |X |O |X |X |  |X |O |O |O | 1 1 1 1 3
|  |  |  |  |O |X |X |O |X |X |  |  |  |  |  | 2 1 1 1
|X |X |X |O |X |X |O |O |X |X |O |X |O |O |O | 1 2 1 3
|  |  |X |O |X |O |X |X |O |  |O |  |  |  |  | 1 1 1 1
|  |  |  |  |O |O |O |O |O |O |  |  |  |  |  | 1 8 1
|  |  |X |X |O |X |X |X |X |  |X |  |X |  |  | 1 1 1 1
|X |X |O |O |X |O |O |O |O |X |O |  |O |  |  | 2 4 3
|X |X |X |O |O |O |X |X |O |O |O |  |X |X |X | 3 3
|  |O |  |X |O |O |X |O |O |O |X |  |  |  |  | 2 2 3 2
|  |  |X |O |O |X |O |O |X |O |O |X |O |  |  | 1 2 2 2 1
|O |X |X |O |X |O |O |O |O |X |O |X |O |X |X | 1 1 4 1 1
|  |  |X |O |X |O |X |X |O |X |O |X |O |O |X | 1 1 1 1 1 2
|X |  |  |X |O |X |X |X |X |O |X |  |  |X |  | 1 1

Iteration #60 (across, 15)
--------------------------
              1                          1    
     2     2  2     1  5     2  1  2  1  1    
  1  1  1  3  2  2  1  1  2  2  3  1  1  1  1 
  1  2  1  2  3  3  1  1  3  3  2  1  1  2  1 
  2  2  1  3  1  2  2  3  2  1  3  1  4  1  1 
|  |  |  |O |  |X |X |O |X |O |X |O |X |O |O | 1 2 1 1 1 2
|O |O |X |O |X |X |X |O |X |O |X |O |X |X |X | 2 1 1 1 1
|  |  |  |X |  |X |X |O |X |X |  |X |O |O |O | 1 1 1 1 3
|  |  |  |  |O |X |X |O |X |X |  |  |  |  |  | 2 1 1 1
|X |X |X |O |X |X |O |O |X |X |O |X |O |O |O | 1 2 1 3
|  |  |X |O |X |O |X |X |O |  |O |  |  |  |  | 1 1 1 1
|  |  |  |  |O |O |O |O |O |O |  |  |  |  |  | 1 8 1
|  |  |X |X |O |X |X |X |X |  |X |  |X |  |  | 1 1 1 1
|X |X |O |O |X |O |O |O |O |X |O |  |O |  |  | 2 4 3
|X |X |X |O |O |O |X |X |O |O |O |  |X |X |X | 3 3
|  |O |  |X |O |O |X |O |O |O |X |  |  |  |  | 2 2 3 2
|  |  |X |O |O |X |O |O |X |O |O |X |O |  |  | 1 2 2 2 1
|O |X |X |O |X |O |O |O |O |X |O |X |O |X |X | 1 1 4 1 1
|  |  |X |O |X |O |X |X |O |X |O |X |O |O |X | 1 1 1 1 1 2
|X |X |X |X |O |X |X |X |X |O |X |X |X |X |X | 1 1

Iteration #61 (across, 6)
-------------------------
              1                          1    
     2     2  2     1  5     2  1  2  1  1    
  1  1  1  3  2  2  1  1  2  2  3  1  1  1  1 
  1  2  1  2  3  3  1  1  3  3  2  1  1  2  1 
  2  2  1  3  1  2  2  3  2  1  3  1  4  1  1 
|  |  |  |O |  |X |X |O |X |O |X |O |X |O |O | 1 2 1 1 1 2
|O |O |X |O |X |X |X |O |X |O |X |O |X |X |X | 2 1 1 1 1
|  |  |  |X |  |X |X |O |X |X |  |X |O |O |O | 1 1 1 1 3
|  |  |  |  |O |X |X |O |X |X |  |  |  |  |  | 2 1 1 1
|X |X |X |O |X |X |O |O |X |X |O |X |O |O |O | 1 2 1 3
|X |X |X |O |X |O |X |X |O |X |O |X |X |X |X | 1 1 1 1
|  |  |  |  |O |O |O |O |O |O |  |  |  |  |  | 1 8 1
|  |  |X |X |O |X |X |X |X |  |X |  |X |  |  | 1 1 1 1
|X |X |O |O |X |O |O |O |O |X |O |  |O |  |  | 2 4 3
|X |X |X |O |O |O |X |X |O |O |O |  |X |X |X | 3 3
|  |O |  |X |O |O |X |O |O |O |X |  |  |  |  | 2 2 3 2
|  |  |X |O |O |X |O |O |X |O |O |X |O |  |  | 1 2 2 2 1
|O |X |X |O |X |O |O |O |O |X |O |X |O |X |X | 1 1 4 1 1
|  |  |X |O |X |O |X |X |O |X |O |X |O |O |X | 1 1 1 1 1 2
|X |X |X |X |O |X |X |X |X |O |X |X |X |X |X | 1 1

Iteration #62 (across, 9)
-------------------------
              1                          1    
     2     2  2     1  5     2  1  2  1  1    
  1  1  1  3  2  2  1  1  2  2  3  1  1  1  1 
  1  2  1  2  3  3  1  1  3  3  2  1  1  2  1 
  2  2  1  3  1  2  2  3  2  1  3  1  4  1  1 
|  |  |  |O |  |X |X |O |X |O |X |O |X |O |O | 1 2 1 1 1 2
|O |O |X |O |X |X |X |O |X |O |X |O |X |X |X | 2 1 1 1 1
|  |  |  |X |  |X |X |O |X |X |  |X |O |O |O | 1 1 1 1 3
|  |  |  |  |O |X |X |O |X |X |  |  |  |  |  | 2 1 1 1
|X |X |X |O |X |X |O |O |X |X |O |X |O |O |O | 1 2 1 3
|X |X |X |O |X |O |X |X |O |X |O |X |X |X |X | 1 1 1 1
|  |  |  |  |O |O |O |O |O |O |  |  |  |  |  | 1 8 1
|  |  |X |X |O |X |X |X |X |  |X |  |X |  |  | 1 1 1 1
|X |X |O |O |X |O |O |O |O |X |O |O |O |X |X | 2 4 3
|X |X |X |O |O |O |X |X |O |O |O |  |X |X |X | 3 3
|  |O |  |X |O |O |X |O |O |O |X |  |  |  |  | 2 2 3 2
|  |  |X |O |O |X |O |O |X |O |O |X |O |  |  | 1 2 2 2 1
|O |X |X |O |X |O |O |O |O |X |O |X |O |X |X | 1 1 4 1 1
|  |  |X |O |X |O |X |X |O |X |O |X |O |O |X | 1 1 1 1 1 2
|X |X |X |X |O |X |X |X |X |O |X |X |X |X |X | 1 1

Iteration #63 (across, 12)
--------------------------
              1                          1    
     2     2  2     1  5     2  1  2  1  1    
  1  1  1  3  2  2  1  1  2  2  3  1  1  1  1 
  1  2  1  2  3  3  1  1  3  3  2  1  1  2  1 
  2  2  1  3  1  2  2  3  2  1  3  1  4  1  1 
|  |  |  |O |  |X |X |O |X |O |X |O |X |O |O | 1 2 1 1 1 2
|O |O |X |O |X |X |X |O |X |O |X |O |X |X |X | 2 1 1 1 1
|  |  |  |X |  |X |X |O |X |X |  |X |O |O |O | 1 1 1 1 3
|  |  |  |  |O |X |X |O |X |X |  |  |  |  |  | 2 1 1 1
|X |X |X |O |X |X |O |O |X |X |O |X |O |O |O | 1 2 1 3
|X |X |X |O |X |O |X |X |O |X |O |X |X |X |X | 1 1 1 1
|  |  |  |  |O |O |O |O |O |O |  |  |  |  |  | 1 8 1
|  |  |X |X |O |X |X |X |X |  |X |  |X |  |  | 1 1 1 1
|X |X |O |O |X |O |O |O |O |X |O |O |O |X |X | 2 4 3
|X |X |X |O |O |O |X |X |O |O |O |  |X |X |X | 3 3
|  |O |  |X |O |O |X |O |O |O |X |  |  |  |  | 2 2 3 2
|  |  |X |O |O |X |O |O |X |O |O |X |O |X |X | 1 2 2 2 1
|O |X |X |O |X |O |O |O |O |X |O |X |O |X |X | 1 1 4 1 1
|  |  |X |O |X |O |X |X |O |X |O |X |O |O |X | 1 1 1 1 1 2
|X |X |X |X |O |X |X |X |X |O |X |X |X |X |X | 1 1

Iteration #64 (across, 10)
--------------------------
              1                          1    
     2     2  2     1  5     2  1  2  1  1    
  1  1  1  3  2  2  1  1  2  2  3  1  1  1  1 
  1  2  1  2  3  3  1  1  3  3  2  1  1  2  1 
  2  2  1  3  1  2  2  3  2  1  3  1  4  1  1 
|  |  |  |O |  |X |X |O |X |O |X |O |X |O |O | 1 2 1 1 1 2
|O |O |X |O |X |X |X |O |X |O |X |O |X |X |X | 2 1 1 1 1
|  |  |  |X |  |X |X |O |X |X |  |X |O |O |O | 1 1 1 1 3
|  |  |  |  |O |X |X |O |X |X |  |  |  |  |  | 2 1 1 1
|X |X |X |O |X |X |O |O |X |X |O |X |O |O |O | 1 2 1 3
|X |X |X |O |X |O |X |X |O |X |O |X |X |X |X | 1 1 1 1
|  |  |  |  |O |O |O |O |O |O |  |  |  |  |  | 1 8 1
|  |  |X |X |O |X |X |X |X |  |X |  |X |  |  | 1 1 1 1
|X |X |O |O |X |O |O |O |O |X |O |O |O |X |X | 2 4 3
|X |X |X |O |O |O |X |X |O |O |O |X |X |X |X | 3 3
|  |O |  |X |O |O |X |O |O |O |X |  |  |  |  | 2 2 3 2
|  |  |X |O |O |X |O |O |X |O |O |X |O |X |X | 1 2 2 2 1
|O |X |X |O |X |O |O |O |O |X |O |X |O |X |X | 1 1 4 1 1
|  |  |X |O |X |O |X |X |O |X |O |X |O |O |X | 1 1 1 1 1 2
|X |X |X |X |O |X |X |X |X |O |X |X |X |X |X | 1 1

Iteration #65 (down, 2)
-----------------------
              1                          1    
     2     2  2     1  5     2  1  2  1  1    
  1  1  1  3  2  2  1  1  2  2  3  1  1  1  1 
  1  2  1  2  3  3  1  1  3  3  2  1  1  2  1 
  2  2  1  3  1  2  2  3  2  1  3  1  4  1  1 
|  |O |  |O |  |X |X |O |X |O |X |O |X |O |O | 1 2 1 1 1 2
|O |O |X |O |X |X |X |O |X |O |X |O |X |X |X | 2 1 1 1 1
|  |X |  |X |  |X |X |O |X |X |  |X |O |O |O | 1 1 1 1 3
|  |O |  |  |O |X |X |O |X |X |  |  |  |  |  | 2 1 1 1
|X |X |X |O |X |X |O |O |X |X |O |X |O |O |O | 1 2 1 3
|X |X |X |O |X |O |X |X |O |X |O |X |X |X |X | 1 1 1 1
|  |O |  |  |O |O |O |O |O |O |  |  |  |  |  | 1 8 1
|  |O |X |X |O |X |X |X |X |  |X |  |X |  |  | 1 1 1 1
|X |X |O |O |X |O |O |O |O |X |O |O |O |X |X | 2 4 3
|X |X |X |O |O |O |X |X |O |O |O |X |X |X |X | 3 3
|  |O |  |X |O |O |X |O |O |O |X |  |  |  |  | 2 2 3 2
|  |O |X |O |O |X |O |O |X |O |O |X |O |X |X | 1 2 2 2 1
|O |X |X |O |X |O |O |O |O |X |O |X |O |X |X | 1 1 4 1 1
|  |X |X |O |X |O |X |X |O |X |O |X |O |O |X | 1 1 1 1 1 2
|X |X |X |X |O |X |X |X |X |O |X |X |X |X |X | 1 1

Iteration #66 (down, 12)
------------------------
              1                          1    
     2     2  2     1  5     2  1  2  1  1    
  1  1  1  3  2  2  1  1  2  2  3  1  1  1  1 
  1  2  1  2  3  3  1  1  3  3  2  1  1  2  1 
  2  2  1  3  1  2  2  3  2  1  3  1  4  1  1 
|  |O |  |O |  |X |X |O |X |O |X |O |X |O |O | 1 2 1 1 1 2
|O |O |X |O |X |X |X |O |X |O |X |O |X |X |X | 2 1 1 1 1
|  |X |  |X |  |X |X |O |X |X |  |X |O |O |O | 1 1 1 1 3
|  |O |  |  |O |X |X |O |X |X |  |  |  |  |  | 2 1 1 1
|X |X |X |O |X |X |O |O |X |X |O |X |O |O |O | 1 2 1 3
|X |X |X |O |X |O |X |X |O |X |O |X |X |X |X | 1 1 1 1
|  |O |  |  |O |O |O |O |O |O |  |  |  |  |  | 1 8 1
|  |O |X |X |O |X |X |X |X |  |X |X |X |  |  | 1 1 1 1
|X |X |O |O |X |O |O |O |O |X |O |O |O |X |X | 2 4 3
|X |X |X |O |O |O |X |X |O |O |O |X |X |X |X | 3 3
|  |O |  |X |O |O |X |O |O |O |X |  |  |  |  | 2 2 3 2
|  |O |X |O |O |X |O |O |X |O |O |X |O |X |X | 1 2 2 2 1
|O |X |X |O |X |O |O |O |O |X |O |X |O |X |X | 1 1 4 1 1
|  |X |X |O |X |O |X |X |O |X |O |X |O |O |X | 1 1 1 1 1 2
|X |X |X |X |O |X |X |X |X |O |X |X |X |X |X | 1 1

Iteration #67 (down, 15)
------------------------
              1                          1    
     2     2  2     1  5     2  1  2  1  1    
  1  1  1  3  2  2  1  1  2  2  3  1  1  1  1 
  1  2  1  2  3  3  1  1  3  3  2  1  1  2  1 
  2  2  1  3  1  2  2  3  2  1  3  1  4  1  1 
|  |O |  |O |  |X |X |O |X |O |X |O |X |O |O | 1 2 1 1 1 2
|O |O |X |O |X |X |X |O |X |O |X |O |X |X |X | 2 1 1 1 1
|  |X |  |X |  |X |X |O |X |X |  |X |O |O |O | 1 1 1 1 3
|  |O |  |  |O |X |X |O |X |X |  |  |  |  |X | 2 1 1 1
|X |X |X |O |X |X |O |O |X |X |O |X |O |O |O | 1 2 1 3
|X |X |X |O |X |O |X |X |O |X |O |X |X |X |X | 1 1 1 1
|  |O |  |  |O |O |O |O |O |O |  |  |  |  |X | 1 8 1
|  |O |X |X |O |X |X |X |X |  |X |X |X |  |X | 1 1 1 1
|X |X |O |O |X |O |O |O |O |X |O |O |O |X |X | 2 4 3
|X |X |X |O |O |O |X |X |O |O |O |X |X |X |X | 3 3
|  |O |  |X |O |O |X |O |O |O |X |  |  |  |X | 2 2 3 2
|  |O |X |O |O |X |O |O |X |O |O |X |O |X |X | 1 2 2 2 1
|O |X |X |O |X |O |O |O |O |X |O |X |O |X |X | 1 1 4 1 1
|  |X |X |O |X |O |X |X |O |X |O |X |O |O |X | 1 1 1 1 1 2
|X |X |X |X |O |X |X |X |X |O |X |X |X |X |X | 1 1

Iteration #68 (down, 14)
------------------------
              1                          1    
     2     2  2     1  5     2  1  2  1  1    
  1  1  1  3  2  2  1  1  2  2  3  1  1  1  1 
  1  2  1  2  3  3  1  1  3  3  2  1  1  2  1 
  2  2  1  3  1  2  2  3  2  1  3  1  4  1  1 
|  |O |  |O |  |X |X |O |X |O |X |O |X |O |O | 1 2 1 1 1 2
|O |O |X |O |X |X |X |O |X |O |X |O |X |X |X | 2 1 1 1 1
|  |X |  |X |  |X |X |O |X |X |  |X |O |O |O | 1 1 1 1 3
|  |O |  |  |O |X |X |O |X |X |  |  |  |X |X | 2 1 1 1
|X |X |X |O |X |X |O |O |X |X |O |X |O |O |O | 1 2 1 3
|X |X |X |O |X |O |X |X |O |X |O |X |X |X |X | 1 1 1 1
|  |O |  |  |O |O |O |O |O |O |  |  |  |O |X | 1 8 1
|  |O |X |X |O |X |X |X |X |  |X |X |X |O |X | 1 1 1 1
|X |X |O |O |X |O |O |O |O |X |O |O |O |X |X | 2 4 3
|X |X |X |O |O |O |X |X |O |O |O |X |X |X |X | 3 3
|  |O |  |X |O |O |X |O |O |O |X |  |  |X |X | 2 2 3 2
|  |O |X |O |O |X |O |O |X |O |O |X |O |X |X | 1 2 2 2 1
|O |X |X |O |X |O |O |O |O |X |O |X |O |X |X | 1 1 4 1 1
|  |X |X |O |X |O |X |X |O |X |O |X |O |O |X | 1 1 1 1 1 2
|X |X |X |X |O |X |X |X |X |O |X |X |X |X |X | 1 1

Iteration #69 (down, 13)
------------------------
              1                          1    
     2     2  2     1  5     2  1  2  1  1    
  1  1  1  3  2  2  1  1  2  2  3  1  1  1  1 
  1  2  1  2  3  3  1  1  3  3  2  1  1  2  1 
  2  2  1  3  1  2  2  3  2  1  3  1  4  1  1 
|  |O |  |O |  |X |X |O |X |O |X |O |X |O |O | 1 2 1 1 1 2
|O |O |X |O |X |X |X |O |X |O |X |O |X |X |X | 2 1 1 1 1
|  |X |  |X |  |X |X |O |X |X |  |X |O |O |O | 1 1 1 1 3
|  |O |  |  |O |X |X |O |X |X |  |  |X |X |X | 2 1 1 1
|X |X |X |O |X |X |O |O |X |X |O |X |O |O |O | 1 2 1 3
|X |X |X |O |X |O |X |X |O |X |O |X |X |X |X | 1 1 1 1
|  |O |  |  |O |O |O |O |O |O |  |  |X |O |X | 1 8 1
|  |O |X |X |O |X |X |X |X |  |X |X |X |O |X | 1 1 1 1
|X |X |O |O |X |O |O |O |O |X |O |O |O |X |X | 2 4 3
|X |X |X |O |O |O |X |X |O |O |O |X |X |X |X | 3 3
|  |O |  |X |O |O |X |O |O |O |X |  |O |X |X | 2 2 3 2
|  |O |X |O |O |X |O |O |X |O |O |X |O |X |X | 1 2 2 2 1
|O |X |X |O |X |O |O |O |O |X |O |X |O |X |X | 1 1 4 1 1
|  |X |X |O |X |O |X |X |O |X |O |X |O |O |X | 1 1 1 1 1 2
|X |X |X |X |O |X |X |X |X |O |X |X |X |X |X | 1 1

Iteration #70 (down, 1)
-----------------------
              1                          1    
     2     2  2     1  5     2  1  2  1  1    
  1  1  1  3  2  2  1  1  2  2  3  1  1  1  1 
  1  2  1  2  3  3  1  1  3  3  2  1  1  2  1 
  2  2  1  3  1  2  2  3  2  1  3  1  4  1  1 
|X |O |  |O |  |X |X |O |X |O |X |O |X |O |O | 1 2 1 1 1 2
|O |O |X |O |X |X |X |O |X |O |X |O |X |X |X | 2 1 1 1 1
|X |X |  |X |  |X |X |O |X |X |  |X |O |O |O | 1 1 1 1 3
|  |O |  |  |O |X |X |O |X |X |  |  |X |X |X | 2 1 1 1
|X |X |X |O |X |X |O |O |X |X |O |X |O |O |O | 1 2 1 3
|X |X |X |O |X |O |X |X |O |X |O |X |X |X |X | 1 1 1 1
|  |O |  |  |O |O |O |O |O |O |  |  |X |O |X | 1 8 1
|  |O |X |X |O |X |X |X |X |  |X |X |X |O |X | 1 1 1 1
|X |X |O |O |X |O |O |O |O |X |O |O |O |X |X | 2 4 3
|X |X |X |O |O |O |X |X |O |O |O |X |X |X |X | 3 3
|  |O |  |X |O |O |X |O |O |O |X |  |O |X |X | 2 2 3 2
|  |O |X |O |O |X |O |O |X |O |O |X |O |X |X | 1 2 2 2 1
|O |X |X |O |X |O |O |O |O |X |O |X |O |X |X | 1 1 4 1 1
|  |X |X |O |X |O |X |X |O |X |O |X |O |O |X | 1 1 1 1 1 2
|X |X |X |X |O |X |X |X |X |O |X |X |X |X |X | 1 1

Iteration #71 (down, 5)
-----------------------
              1                          1    
     2     2  2     1  5     2  1  2  1  1    
  1  1  1  3  2  2  1  1  2  2  3  1  1  1  1 
  1  2  1  2  3  3  1  1  3  3  2  1  1  2  1 
  2  2  1  3  1  2  2  3  2  1  3  1  4  1  1 
|X |O |  |O |O |X |X |O |X |O |X |O |X |O |O | 1 2 1 1 1 2
|O |O |X |O |X |X |X |O |X |O |X |O |X |X |X | 2 1 1 1 1
|X |X |  |X |O |X |X |O |X |X |  |X |O |O |O | 1 1 1 1 3
|  |O |  |  |O |X |X |O |X |X |  |  |X |X |X | 2 1 1 1
|X |X |X |O |X |X |O |O |X |X |O |X |O |O |O | 1 2 1 3
|X |X |X |O |X |O |X |X |O |X |O |X |X |X |X | 1 1 1 1
|  |O |  |  |O |O |O |O |O |O |  |  |X |O |X | 1 8 1
|  |O |X |X |O |X |X |X |X |  |X |X |X |O |X | 1 1 1 1
|X |X |O |O |X |O |O |O |O |X |O |O |O |X |X | 2 4 3
|X |X |X |O |O |O |X |X |O |O |O |X |X |X |X | 3 3
|  |O |  |X |O |O |X |O |O |O |X |  |O |X |X | 2 2 3 2
|  |O |X |O |O |X |O |O |X |O |O |X |O |X |X | 1 2 2 2 1
|O |X |X |O |X |O |O |O |O |X |O |X |O |X |X | 1 1 4 1 1
|  |X |X |O |X |O |X |X |O |X |O |X |O |O |X | 1 1 1 1 1 2
|X |X |X |X |O |X |X |X |X |O |X |X |X |X |X | 1 1

Iteration #72 (down, 11)
------------------------
              1                          1    
     2     2  2     1  5     2  1  2  1  1    
  1  1  1  3  2  2  1  1  2  2  3  1  1  1  1 
  1  2  1  2  3  3  1  1  3  3  2  1  1  2  1 
  2  2  1  3  1  2  2  3  2  1  3  1  4  1  1 
|X |O |  |O |O |X |X |O |X |O |X |O |X |O |O | 1 2 1 1 1 2
|O |O |X |O |X |X |X |O |X |O |X |O |X |X |X | 2 1 1 1 1
|X |X |  |X |O |X |X |O |X |X |O |X |O |O |O | 1 1 1 1 3
|  |O |  |  |O |X |X |O |X |X |X |  |X |X |X | 2 1 1 1
|X |X |X |O |X |X |O |O |X |X |O |X |O |O |O | 1 2 1 3
|X |X |X |O |X |O |X |X |O |X |O |X |X |X |X | 1 1 1 1
|  |O |  |  |O |O |O |O |O |O |O |  |X |O |X | 1 8 1
|  |O |X |X |O |X |X |X |X |  |X |X |X |O |X | 1 1 1 1
|X |X |O |O |X |O |O |O |O |X |O |O |O |X |X | 2 4 3
|X |X |X |O |O |O |X |X |O |O |O |X |X |X |X | 3 3
|  |O |  |X |O |O |X |O |O |O |X |  |O |X |X | 2 2 3 2
|  |O |X |O |O |X |O |O |X |O |O |X |O |X |X | 1 2 2 2 1
|O |X |X |O |X |O |O |O |O |X |O |X |O |X |X | 1 1 4 1 1
|  |X |X |O |X |O |X |X |O |X |O |X |O |O |X | 1 1 1 1 1 2
|X |X |X |X |O |X |X |X |X |O |X |X |X |X |X | 1 1

Iteration #73 (down, 10)
------------------------
              1                          1    
     2     2  2     1  5     2  1  2  1  1    
  1  1  1  3  2  2  1  1  2  2  3  1  1  1  1 
  1  2  1  2  3  3  1  1  3  3  2  1  1  2  1 
  2  2  1  3  1  2  2  3  2  1  3  1  4  1  1 
|X |O |  |O |O |X |X |O |X |O |X |O |X |O |O | 1 2 1 1 1 2
|O |O |X |O |X |X |X |O |X |O |X |O |X |X |X | 2 1 1 1 1
|X |X |  |X |O |X |X |O |X |X |O |X |O |O |O | 1 1 1 1 3
|  |O |  |  |O |X |X |O |X |X |X |  |X |X |X | 2 1 1 1
|X |X |X |O |X |X |O |O |X |X |O |X |O |O |O | 1 2 1 3
|X |X |X |O |X |O |X |X |O |X |O |X |X |X |X | 1 1 1 1
|  |O |  |  |O |O |O |O |O |O |O |  |X |O |X | 1 8 1
|  |O |X |X |O |X |X |X |X |O |X |X |X |O |X | 1 1 1 1
|X |X |O |O |X |O |O |O |O |X |O |O |O |X |X | 2 4 3
|X |X |X |O |O |O |X |X |O |O |O |X |X |X |X | 3 3
|  |O |  |X |O |O |X |O |O |O |X |  |O |X |X | 2 2 3 2
|  |O |X |O |O |X |O |O |X |O |O |X |O |X |X | 1 2 2 2 1
|O |X |X |O |X |O |O |O |O |X |O |X |O |X |X | 1 1 4 1 1
|  |X |X |O |X |O |X |X |O |X |O |X |O |O |X | 1 1 1 1 1 2
|X |X |X |X |O |X |X |X |X |O |X |X |X |X |X | 1 1

Iteration #74 (across, 4)
-------------------------
              1                          1    
     2     2  2     1  5     2  1  2  1  1    
  1  1  1  3  2  2  1  1  2  2  3  1  1  1  1 
  1  2  1  2  3  3  1  1  3  3  2  1  1  2  1 
  2  2  1  3  1  2  2  3  2  1  3  1  4  1  1 
|X |O |  |O |O |X |X |O |X |O |X |O |X |O |O | 1 2 1 1 1 2
|O |O |X |O |X |X |X |O |X |O |X |O |X |X |X | 2 1 1 1 1
|X |X |  |X |O |X |X |O |X |X |O |X |O |O |O | 1 1 1 1 3
|  |O |  |X |O |X |X |O |X |X |X |O |X |X |X | 2 1 1 1
|X |X |X |O |X |X |O |O |X |X |O |X |O |O |O | 1 2 1 3
|X |X |X |O |X |O |X |X |O |X |O |X |X |X |X | 1 1 1 1
|  |O |  |  |O |O |O |O |O |O |O |  |X |O |X | 1 8 1
|  |O |X |X |O |X |X |X |X |O |X |X |X |O |X | 1 1 1 1
|X |X |O |O |X |O |O |O |O |X |O |O |O |X |X | 2 4 3
|X |X |X |O |O |O |X |X |O |O |O |X |X |X |X | 3 3
|  |O |  |X |O |O |X |O |O |O |X |  |O |X |X | 2 2 3 2
|  |O |X |O |O |X |O |O |X |O |O |X |O |X |X | 1 2 2 2 1
|O |X |X |O |X |O |O |O |O |X |O |X |O |X |X | 1 1 4 1 1
|  |X |X |O |X |O |X |X |O |X |O |X |O |O |X | 1 1 1 1 1 2
|X |X |X |X |O |X |X |X |X |O |X |X |X |X |X | 1 1

Iteration #75 (across, 7)
-------------------------
              1                          1    
     2     2  2     1  5     2  1  2  1  1    
  1  1  1  3  2  2  1  1  2  2  3  1  1  1  1 
  1  2  1  2  3  3  1  1  3  3  2  1  1  2  1 
  2  2  1  3  1  2  2  3  2  1  3  1  4  1  1 
|X |O |  |O |O |X |X |O |X |O |X |O |X |O |O | 1 2 1 1 1 2
|O |O |X |O |X |X |X |O |X |O |X |O |X |X |X | 2 1 1 1 1
|X |X |  |X |O |X |X |O |X |X |O |X |O |O |O | 1 1 1 1 3
|  |O |  |X |O |X |X |O |X |X |X |O |X |X |X | 2 1 1 1
|X |X |X |O |X |X |O |O |X |X |O |X |O |O |O | 1 2 1 3
|X |X |X |O |X |O |X |X |O |X |O |X |X |X |X | 1 1 1 1
|X |O |X |  |O |O |O |O |O |O |O |  |X |O |X | 1 8 1
|  |O |X |X |O |X |X |X |X |O |X |X |X |O |X | 1 1 1 1
|X |X |O |O |X |O |O |O |O |X |O |O |O |X |X | 2 4 3
|X |X |X |O |O |O |X |X |O |O |O |X |X |X |X | 3 3
|  |O |  |X |O |O |X |O |O |O |X |  |O |X |X | 2 2 3 2
|  |O |X |O |O |X |O |O |X |O |O |X |O |X |X | 1 2 2 2 1
|O |X |X |O |X |O |O |O |O |X |O |X |O |X |X | 1 1 4 1 1
|  |X |X |O |X |O |X |X |O |X |O |X |O |O |X | 1 1 1 1 1 2
|X |X |X |X |O |X |X |X |X |O |X |X |X |X |X | 1 1

Iteration #76 (across, 3)
-------------------------
              1                          1    
     2     2  2     1  5     2  1  2  1  1    
  1  1  1  3  2  2  1  1  2  2  3  1  1  1  1 
  1  2  1  2  3  3  1  1  3  3  2  1  1  2  1 
  2  2  1  3  1  2  2  3  2  1  3  1  4  1  1 
|X |O |  |O |O |X |X |O |X |O |X |O |X |O |O | 1 2 1 1 1 2
|O |O |X |O |X |X |X |O |X |O |X |O |X |X |X | 2 1 1 1 1
|X |X |O |X |O |X |X |O |X |X |O |X |O |O |O | 1 1 1 1 3
|  |O |  |X |O |X |X |O |X |X |X |O |X |X |X | 2 1 1 1
|X |X |X |O |X |X |O |O |X |X |O |X |O |O |O | 1 2 1 3
|X |X |X |O |X |O |X |X |O |X |O |X |X |X |X | 1 1 1 1
|X |O |X |  |O |O |O |O |O |O |O |  |X |O |X | 1 8 1
|  |O |X |X |O |X |X |X |X |O |X |X |X |O |X | 1 1 1 1
|X |X |O |O |X |O |O |O |O |X |O |O |O |X |X | 2 4 3
|X |X |X |O |O |O |X |X |O |O |O |X |X |X |X | 3 3
|  |O |  |X |O |O |X |O |O |O |X |  |O |X |X | 2 2 3 2
|  |O |X |O |O |X |O |O |X |O |O |X |O |X |X | 1 2 2 2 1
|O |X |X |O |X |O |O |O |O |X |O |X |O |X |X | 1 1 4 1 1
|  |X |X |O |X |O |X |X |O |X |O |X |O |O |X | 1 1 1 1 1 2
|X |X |X |X |O |X |X |X |X |O |X |X |X |X |X | 1 1

Iteration #77 (across, 8)
-------------------------
              1                          1    
     2     2  2     1  5     2  1  2  1  1    
  1  1  1  3  2  2  1  1  2  2  3  1  1  1  1 
  1  2  1  2  3  3  1  1  3  3  2  1  1  2  1 
  2  2  1  3  1  2  2  3  2  1  3  1  4  1  1 
|X |O |  |O |O |X |X |O |X |O |X |O |X |O |O | 1 2 1 1 1 2
|O |O |X |O |X |X |X |O |X |O |X |O |X |X |X | 2 1 1 1 1
|X |X |O |X |O |X |X |O |X |X |O |X |O |O |O | 1 1 1 1 3
|  |O |  |X |O |X |X |O |X |X |X |O |X |X |X | 2 1 1 1
|X |X |X |O |X |X |O |O |X |X |O |X |O |O |O | 1 2 1 3
|X |X |X |O |X |O |X |X |O |X |O |X |X |X |X | 1 1 1 1
|X |O |X |  |O |O |O |O |O |O |O |  |X |O |X | 1 8 1
|X |O |X |X |O |X |X |X |X |O |X |X |X |O |X | 1 1 1 1
|X |X |O |O |X |O |O |O |O |X |O |O |O |X |X | 2 4 3
|X |X |X |O |O |O |X |X |O |O |O |X |X |X |X | 3 3
|  |O |  |X |O |O |X |O |O |O |X |  |O |X |X | 2 2 3 2
|  |O |X |O |O |X |O |O |X |O |O |X |O |X |X | 1 2 2 2 1
|O |X |X |O |X |O |O |O |O |X |O |X |O |X |X | 1 1 4 1 1
|  |X |X |O |X |O |X |X |O |X |O |X |O |O |X | 1 1 1 1 1 2
|X |X |X |X |O |X |X |X |X |O |X |X |X |X |X | 1 1

Iteration #78 (across, 11)
--------------------------
              1                          1    
     2     2  2     1  5     2  1  2  1  1    
  1  1  1  3  2  2  1  1  2  2  3  1  1  1  1 
  1  2  1  2  3  3  1  1  3  3  2  1  1  2  1 
  2  2  1  3  1  2  2  3  2  1  3  1  4  1  1 
|X |O |  |O |O |X |X |O |X |O |X |O |X |O |O | 1 2 1 1 1 2
|O |O |X |O |X |X |X |O |X |O |X |O |X |X |X | 2 1 1 1 1
|X |X |O |X |O |X |X |O |X |X |O |X |O |O |O | 1 1 1 1 3
|  |O |  |X |O |X |X |O |X |X |X |O |X |X |X | 2 1 1 1
|X |X |X |O |X |X |O |O |X |X |O |X |O |O |O | 1 2 1 3
|X |X |X |O |X |O |X |X |O |X |O |X |X |X |X | 1 1 1 1
|X |O |X |  |O |O |O |O |O |O |O |  |X |O |X | 1 8 1
|X |O |X |X |O |X |X |X |X |O |X |X |X |O |X | 1 1 1 1
|X |X |O |O |X |O |O |O |O |X |O |O |O |X |X | 2 4 3
|X |X |X |O |O |O |X |X |O |O |O |X |X |X |X | 3 3
|  |O |  |X |O |O |X |O |O |O |X |O |O |X |X | 2 2 3 2
|  |O |X |O |O |X |O |O |X |O |O |X |O |X |X | 1 2 2 2 1
|O |X |X |O |X |O |O |O |O |X |O |X |O |X |X | 1 1 4 1 1
|  |X |X |O |X |O |X |X |O |X |O |X |O |O |X | 1 1 1 1 1 2
|X |X |X |X |O |X |X |X |X |O |X |X |X |X |X | 1 1

Iteration #79 (across, 1)
-------------------------
              1                          1    
     2     2  2     1  5     2  1  2  1  1    
  1  1  1  3  2  2  1  1  2  2  3  1  1  1  1 
  1  2  1  2  3  3  1  1  3  3  2  1  1  2  1 
  2  2  1  3  1  2  2  3  2  1  3  1  4  1  1 
|X |O |X |O |O |X |X |O |X |O |X |O |X |O |O | 1 2 1 1 1 2
|O |O |X |O |X |X |X |O |X |O |X |O |X |X |X | 2 1 1 1 1
|X |X |O |X |O |X |X |O |X |X |O |X |O |O |O | 1 1 1 1 3
|  |O |  |X |O |X |X |O |X |X |X |O |X |X |X | 2 1 1 1
|X |X |X |O |X |X |O |O |X |X |O |X |O |O |O | 1 2 1 3
|X |X |X |O |X |O |X |X |O |X |O |X |X |X |X | 1 1 1 1
|X |O |X |  |O |O |O |O |O |O |O |  |X |O |X | 1 8 1
|X |O |X |X |O |X |X |X |X |O |X |X |X |O |X | 1 1 1 1
|X |X |O |O |X |O |O |O |O |X |O |O |O |X |X | 2 4 3
|X |X |X |O |O |O |X |X |O |O |O |X |X |X |X | 3 3
|  |O |  |X |O |O |X |O |O |O |X |O |O |X |X | 2 2 3 2
|  |O |X |O |O |X |O |O |X |O |O |X |O |X |X | 1 2 2 2 1
|O |X |X |O |X |O |O |O |O |X |O |X |O |X |X | 1 1 4 1 1
|  |X |X |O |X |O |X |X |O |X |O |X |O |O |X | 1 1 1 1 1 2
|X |X |X |X |O |X |X |X |X |O |X |X |X |X |X | 1 1

Iteration #80 (across, 14)
--------------------------
              1                          1    
     2     2  2     1  5     2  1  2  1  1    
  1  1  1  3  2  2  1  1  2  2  3  1  1  1  1 
  1  2  1  2  3  3  1  1  3  3  2  1  1  2  1 
  2  2  1  3  1  2  2  3  2  1  3  1  4  1  1 
|X |O |X |O |O |X |X |O |X |O |X |O |X |O |O | 1 2 1 1 1 2
|O |O |X |O |X |X |X |O |X |O |X |O |X |X |X | 2 1 1 1 1
|X |X |O |X |O |X |X |O |X |X |O |X |O |O |O | 1 1 1 1 3
|  |O |  |X |O |X |X |O |X |X |X |O |X |X |X | 2 1 1 1
|X |X |X |O |X |X |O |O |X |X |O |X |O |O |O | 1 2 1 3
|X |X |X |O |X |O |X |X |O |X |O |X |X |X |X | 1 1 1 1
|X |O |X |  |O |O |O |O |O |O |O |  |X |O |X | 1 8 1
|X |O |X |X |O |X |X |X |X |O |X |X |X |O |X | 1 1 1 1
|X |X |O |O |X |O |O |O |O |X |O |O |O |X |X | 2 4 3
|X |X |X |O |O |O |X |X |O |O |O |X |X |X |X | 3 3
|  |O |  |X |O |O |X |O |O |O |X |O |O |X |X | 2 2 3 2
|  |O |X |O |O |X |O |O |X |O |O |X |O |X |X | 1 2 2 2 1
|O |X |X |O |X |O |O |O |O |X |O |X |O |X |X | 1 1 4 1 1
|O |X |X |O |X |O |X |X |O |X |O |X |O |O |X | 1 1 1 1 1 2
|X |X |X |X |O |X |X |X |X |O |X |X |X |X |X | 1 1

Iteration #81 (across, 12)
--------------------------
              1                          1    
     2     2  2     1  5     2  1  2  1  1    
  1  1  1  3  2  2  1  1  2  2  3  1  1  1  1 
  1  2  1  2  3  3  1  1  3  3  2  1  1  2  1 
  2  2  1  3  1  2  2  3  2  1  3  1  4  1  1 
|X |O |X |O |O |X |X |O |X |O |X |O |X |O |O | 1 2 1 1 1 2
|O |O |X |O |X |X |X |O |X |O |X |O |X |X |X | 2 1 1 1 1
|X |X |O |X |O |X |X |O |X |X |O |X |O |O |O | 1 1 1 1 3
|  |O |  |X |O |X |X |O |X |X |X |O |X |X |X | 2 1 1 1
|X |X |X |O |X |X |O |O |X |X |O |X |O |O |O | 1 2 1 3
|X |X |X |O |X |O |X |X |O |X |O |X |X |X |X | 1 1 1 1
|X |O |X |  |O |O |O |O |O |O |O |  |X |O |X | 1 8 1
|X |O |X |X |O |X |X |X |X |O |X |X |X |O |X | 1 1 1 1
|X |X |O |O |X |O |O |O |O |X |O |O |O |X |X | 2 4 3
|X |X |X |O |O |O |X |X |O |O |O |X |X |X |X | 3 3
|  |O |  |X |O |O |X |O |O |O |X |O |O |X |X | 2 2 3 2
|X |O |X |O |O |X |O |O |X |O |O |X |O |X |X | 1 2 2 2 1
|O |X |X |O |X |O |O |O |O |X |O |X |O |X |X | 1 1 4 1 1
|O |X |X |O |X |O |X |X |O |X |O |X |O |O |X | 1 1 1 1 1 2
|X |X |X |X |O |X |X |X |X |O |X |X |X |X |X | 1 1

Iteration #82 (down, 3)
-----------------------
              1                          1    
     2     2  2     1  5     2  1  2  1  1    
  1  1  1  3  2  2  1  1  2  2  3  1  1  1  1 
  1  2  1  2  3  3  1  1  3  3  2  1  1  2  1 
  2  2  1  3  1  2  2  3  2  1  3  1  4  1  1 
|X |O |X |O |O |X |X |O |X |O |X |O |X |O |O | 1 2 1 1 1 2
|O |O |X |O |X |X |X |O |X |O |X |O |X |X |X | 2 1 1 1 1
|X |X |O |X |O |X |X |O |X |X |O |X |O |O |O | 1 1 1 1 3
|  |O |X |X |O |X |X |O |X |X |X |O |X |X |X | 2 1 1 1
|X |X |X |O |X |X |O |O |X |X |O |X |O |O |O | 1 2 1 3
|X |X |X |O |X |O |X |X |O |X |O |X |X |X |X | 1 1 1 1
|X |O |X |  |O |O |O |O |O |O |O |  |X |O |X | 1 8 1
|X |O |X |X |O |X |X |X |X |O |X |X |X |O |X | 1 1 1 1
|X |X |O |O |X |O |O |O |O |X |O |O |O |X |X | 2 4 3
|X |X |X |O |O |O |X |X |O |O |O |X |X |X |X | 3 3
|  |O |O |X |O |O |X |O |O |O |X |O |O |X |X | 2 2 3 2
|X |O |X |O |O |X |O |O |X |O |O |X |O |X |X | 1 2 2 2 1
|O |X |X |O |X |O |O |O |O |X |O |X |O |X |X | 1 1 4 1 1
|O |X |X |O |X |O |X |X |O |X |O |X |O |O |X | 1 1 1 1 1 2
|X |X |X |X |O |X |X |X |X |O |X |X |X |X |X | 1 1

Iteration #83 (down, 4)
-----------------------
              1                          1    
     2     2  2     1  5     2  1  2  1  1    
  1  1  1  3  2  2  1  1  2  2  3  1  1  1  1 
  1  2  1  2  3  3  1  1  3  3  2  1  1  2  1 
  2  2  1  3  1  2  2  3  2  1  3  1  4  1  1 
|X |O |X |O |O |X |X |O |X |O |X |O |X |O |O | 1 2 1 1 1 2
|O |O |X |O |X |X |X |O |X |O |X |O |X |X |X | 2 1 1 1 1
|X |X |O |X |O |X |X |O |X |X |O |X |O |O |O | 1 1 1 1 3
|  |O |X |X |O |X |X |O |X |X |X |O |X |X |X | 2 1 1 1
|X |X |X |O |X |X |O |O |X |X |O |X |O |O |O | 1 2 1 3
|X |X |X |O |X |O |X |X |O |X |O |X |X |X |X | 1 1 1 1
|X |O |X |O |O |O |O |O |O |O |O |  |X |O |X | 1 8 1
|X |O |X |X |O |X |X |X |X |O |X |X |X |O |X | 1 1 1 1
|X |X |O |O |X |O |O |O |O |X |O |O |O |X |X | 2 4 3
|X |X |X |O |O |O |X |X |O |O |O |X |X |X |X | 3 3
|  |O |O |X |O |O |X |O |O |O |X |O |O |X |X | 2 2 3 2
|X |O |X |O |O |X |O |O |X |O |O |X |O |X |X | 1 2 2 2 1
|O |X |X |O |X |O |O |O |O |X |O |X |O |X |X | 1 1 4 1 1
|O |X |X |O |X |O |X |X |O |X |O |X |O |O |X | 1 1 1 1 1 2
|X |X |X |X |O |X |X |X |X |O |X |X |X |X |X | 1 1

Iteration #84 (down, 12)
------------------------
              1                          1    
     2     2  2     1  5     2  1  2  1  1    
  1  1  1  3  2  2  1  1  2  2  3  1  1  1  1 
  1  2  1  2  3  3  1  1  3  3  2  1  1  2  1 
  2  2  1  3  1  2  2  3  2  1  3  1  4  1  1 
|X |O |X |O |O |X |X |O |X |O |X |O |X |O |O | 1 2 1 1 1 2
|O |O |X |O |X |X |X |O |X |O |X |O |X |X |X | 2 1 1 1 1
|X |X |O |X |O |X |X |O |X |X |O |X |O |O |O | 1 1 1 1 3
|  |O |X |X |O |X |X |O |X |X |X |O |X |X |X | 2 1 1 1
|X |X |X |O |X |X |O |O |X |X |O |X |O |O |O | 1 2 1 3
|X |X |X |O |X |O |X |X |O |X |O |X |X |X |X | 1 1 1 1
|X |O |X |O |O |O |O |O |O |O |O |X |X |O |X | 1 8 1
|X |O |X |X |O |X |X |X |X |O |X |X |X |O |X | 1 1 1 1
|X |X |O |O |X |O |O |O |O |X |O |O |O |X |X | 2 4 3
|X |X |X |O |O |O |X |X |O |O |O |X |X |X |X | 3 3
|  |O |O |X |O |O |X |O |O |O |X |O |O |X |X | 2 2 3 2
|X |O |X |O |O |X |O |O |X |O |O |X |O |X |X | 1 2 2 2 1
|O |X |X |O |X |O |O |O |O |X |O |X |O |X |X | 1 1 4 1 1
|O |X |X |O |X |O |X |X |O |X |O |X |O |O |X | 1 1 1 1 1 2
|X |X |X |X |O |X |X |X |X |O |X |X |X |X |X | 1 1

Iteration #85 (across, 4)
-------------------------
              1                          1    
     2     2  2     1  5     2  1  2  1  1    
  1  1  1  3  2  2  1  1  2  2  3  1  1  1  1 
  1  2  1  2  3  3  1  1  3  3  2  1  1  2  1 
  2  2  1  3  1  2  2  3  2  1  3  1  4  1  1 
|X |O |X |O |O |X |X |O |X |O |X |O |X |O |O | 1 2 1 1 1 2
|O |O |X |O |X |X |X |O |X |O |X |O |X |X |X | 2 1 1 1 1
|X |X |O |X |O |X |X |O |X |X |O |X |O |O |O | 1 1 1 1 3
|O |O |X |X |O |X |X |O |X |X |X |O |X |X |X | 2 1 1 1
|X |X |X |O |X |X |O |O |X |X |O |X |O |O |O | 1 2 1 3
|X |X |X |O |X |O |X |X |O |X |O |X |X |X |X | 1 1 1 1
|X |O |X |O |O |O |O |O |O |O |O |X |X |O |X | 1 8 1
|X |O |X |X |O |X |X |X |X |O |X |X |X |O |X | 1 1 1 1
|X |X |O |O |X |O |O |O |O |X |O |O |O |X |X | 2 4 3
|X |X |X |O |O |O |X |X |O |O |O |X |X |X |X | 3 3
|  |O |O |X |O |O |X |O |O |O |X |O |O |X |X | 2 2 3 2
|X |O |X |O |O |X |O |O |X |O |O |X |O |X |X | 1 2 2 2 1
|O |X |X |O |X |O |O |O |O |X |O |X |O |X |X | 1 1 4 1 1
|O |X |X |O |X |O |X |X |O |X |O |X |O |O |X | 1 1 1 1 1 2
|X |X |X |X |O |X |X |X |X |O |X |X |X |X |X | 1 1

Iteration #86 (across, 11)
--------------------------
              1                          1    
     2     2  2     1  5     2  1  2  1  1    
  1  1  1  3  2  2  1  1  2  2  3  1  1  1  1 
  1  2  1  2  3  3  1  1  3  3  2  1  1  2  1 
  2  2  1  3  1  2  2  3  2  1  3  1  4  1  1 
|X |O |X |O |O |X |X |O |X |O |X |O |X |O |O | 1 2 1 1 1 2
|O |O |X |O |X |X |X |O |X |O |X |O |X |X |X | 2 1 1 1 1
|X |X |O |X |O |X |X |O |X |X |O |X |O |O |O | 1 1 1 1 3
|O |O |X |X |O |X |X |O |X |X |X |O |X |X |X | 2 1 1 1
|X |X |X |O |X |X |O |O |X |X |O |X |O |O |O | 1 2 1 3
|X |X |X |O |X |O |X |X |O |X |O |X |X |X |X | 1 1 1 1
|X |O |X |O |O |O |O |O |O |O |O |X |X |O |X | 1 8 1
|X |O |X |X |O |X |X |X |X |O |X |X |X |O |X | 1 1 1 1
|X |X |O |O |X |O |O |O |O |X |O |O |O |X |X | 2 4 3
|X |X |X |O |O |O |X |X |O |O |O |X |X |X |X | 3 3
|X |O |O |X |O |O |X |O |O |O |X |O |O |X |X | 2 2 3 2
|X |O |X |O |O |X |O |O |X |O |O |X |O |X |X | 1 2 2 2 1
|O |X |X |O |X |O |O |O |O |X |O |X |O |X |X | 1 1 4 1 1
|O |X |X |O |X |O |X |X |O |X |O |X |O |O |X | 1 1 1 1 1 2
|X |X |X |X |O |X |X |X |X |O |X |X |X |X |X | 1 1

